330839985
1014300685
1070529207
722594478
1057037756
641540782
1034315704
1030821314
906647224
136884480
287826521
928996732
37429093
748740249
263470214
340374304
32726391
504979489
914250945
93999740
313714205
467742258
869103155
556697187
107903765
908661904
673032553
600469186
320000714
569084840
1071057077
709693295
167420097
1056806108
1038855399
681239483
220363497
126264040
43443505
1020342651
146386228
138862490
885083935
546510235
381785985
827942798
907621722
644294644
230416245
801961700
611598701
517361235
950923184
619091000
432059919
39212459
125286155
429534720
897915375
188458892
944939309
891018860
489532331
12963951
401388921
268646720
963492791
706171522
1038190748
60375357
862559864
233692566
834392937
998736283
645454726
846571791
495471081
765133300
729131140
480960641
905557377
766801669
965703070
291237554
971492143
884030967
901889154
276688047
1005188390
1026953055
163106223
247194520
647914562
952961628
177097306
913018260
481596399
1007051649
317487490
667852622
185247803
193629844
938235105
772222572
375556819
882947261
132362919
737129756
1057276237
70232161
861558683
287789466
601515248
589049703
613838385
211941206
109691698
240802195
22485912
522855026
628379795
25087090
207718271
363776802
472988424
154427600
179633406
1007379095
357880142
296320899
937653947
118483919
21833890
99813308
662479212
487409691
1052812975
369211086
28278921
104527598
490923768
609322761
778470143
858420744
649027199
147871936
918213705
940495735
815285770
885995798
753381498
629551323
868838801
278629038
907883809
198211622
1037537788
282298769
356808108
1062059100
99554138
319376176
106731171
812188235
228737957
389837357
920976223
502799241
984451281
661648441
667972816
1055750497
1055801121
25021800
1007431257
485964516
451521780
834023945
661724005
405765048
497211782
388744274
493691308
1018629898
773680255
426854504
892734077
705641529
209939453
251747626
675867634
51572899
84360165
332769090
819293793
1045626943
404278176
1048965313
142478483
828566483
550395920
263905755
168914958
840634678
824694113
687966831
565000841
435937925
482938905
846983427
563124001
518302761
724734429
197941797
402376148
873877658
1002894895
559138517
858918908
1035302846
885699469
487789798
456477528
126354372
101600033
609083031
600315862
952186091
784843642
26112152
1020019215
172908298
536581679
970263078
116453508
60257377
509272769
413392107
218016555
800072848
1022011755
894120551
137419998
232307030
190771014
707014050
592771688
713155421
751518008
569918865
687829240
259118608
733704049
214246177
946396844
1007111068
280663254
378502214
18474177
799055274
976650092
643640222
847098334
913518102
649182107
105594300
517032004
316762166
763216328
230017104
210681624
782536843
285272772
646506316
188091302
196251819
752505912
382231690
288502005
79207767
620471280
97011759
78918436
200215948
1038302255
247200533
609614030
50866653
675088489
186416921
301152934
6632033
202488727
6475724
365738458
503469376
50589999
605382252
1015627294
317481478
1050650162
903841985
98000195
172897056
385084377
416065999
217274152
867696929
450326195
817668685
534574473
1069000728
988856037
859204830
21718045
414886755
799220703
102342148
120288802
142033198
980752894
337236392
771178671
1018952683
687514933
875034853
499900514
924452090
406569400
454852717
987635216
286428988
100626404
1036454785
974022512
18875757
349802912
377786646
973957715
444524429
465136466
12172645
622859985
733486010
117429605
154484688
148690821
381399009
1058135992
178404436
91543997
950618596
210550211
779194785
136264493
730945599
997903501
58673392
689411237
130809073
529185513
27821969
827848231
258338160
83168187
709012242
685795754
483506894
913225106
932088539
459638831
115850128
326694418
929302253
493908930
404919792
79730858
479381659
1057273483
57843176
447258646
762459657
656940182
530786430
779904385
729825418
617632610
571086053
519851520
154335212
602981249
151968965
16771120
503580038
323002286
537353862
484138457
1016522956
466159174
875455667
424493048
511299041
505223672
820405786
528654417
806296433
124112750
322335542
476452695
150175906
281363322
31385800
9138671
62012421
614866641
451680026
308400153
230219880
22463341
289062250
1039968517
840121522
113304926
656265111
485905768
546834410
645332930
838809798
1045061370
686282524
677224762
627240764
176094263
403744362
173316126
440643731
274232165
541906675
988356436
852674044
1060217533
740703941
544138362
693895219
312742443
632930599
732947306
401148743
934333058
417887772
923821363
294469404
74772229
212300073
929784731
759778840
712392314
668152678
734994865
772626358
1072130500
148667461
1066953375
837376964
464347255
292388750
816298136
652610551
531900238
244524721
336169487
704536141
656937860
1050854461
567853788
839350501
884255451
1004708440
754964981
502923568
341815576
888377512
929674928
997650575
261370164
1070888120
533282047
152417377
881676836
1036061001
802512062
693938119
606171149
131408055
493092597
533751095
943994311
950953616
285836672
371706145
1021478898
218733495
892486215
726111998
8673208
186761829
281407527
664778114
111503062
308413533
685161968
54791433
62380235
842587365
488221284
620738095
909158697
581277064
417522968
536369624
713507556
568654253
400605391
132735836
351858490
588229051
659462302
967947411
351941860
939995779
347466011
613835847
923910019
581411206
479195390
105538102
862846384
285166409
469702701
26964979
329119954
728501227
77410218
623933037
632769598
490377251
787311117
747079135
368352894
866770020
136294635
865346124
619193657
261211779
188742102
1023181261
362715829
54131465
680784597
790531528
688050218
1043016623
750280176
443037156
656914772
38417715
28182800
804965025
216698118
231347840
753354984
135554785
582326894
545641832
430599690
123867672
699580447
1043356508
449208371
294755524
77196631
662413517
465786637
872164159
845883174
486541421
814725863
358900132
18889821
156949114
904374856
708332822
25619014
317415446
722191648
360911426
54758433
42721222
70175259
220945279
854549461
895803888
868477713
973415002
915462390
767474253
31239408
717950187
472877273
99213187
836900287
1020186982
399355264
746791848
1044673665
220770841
803346506
593864177
555309934
404937146
856785313
78212920
74459080
494077666
347777019
938308897
472961202
1050666024
288646345
636108965
448293019
207917793
526980190
325577597
903968614
912038706
792614730
823526300
15278683
453607501
241956318
456932091
614588236
320554950
213525632
812185777
980889942
287325486
745266570
995202842
206647983
524769134
922586865
148223810
58401030
829539410
101935267
1054158712
798946464
1033593834
52095747
386784139
746177350
1015398824
826352656
875635414
923400933
600171524
884142516
144823339
306110918
561860360
650962129
202358830
586383044
14537972
255043553
456086751
292377910
253537509
64361624
286148688
191856291
654828389
233248493
63828622
841424679
197753340
509573222
290717532
380048052
263246767
318997727
498590939
722732641
1006768935
153580839
209949433
699410837
932617718
272322429
251660842
740285240
608341054
199289116
507982439
608885693
115292611
107658370
16904489
818789224
42785752
1005298896
334611689
799127734
965718467
484515245
628279797
729052325
848422003
798132544
640629042
1026619519
318032105
719766714
364408964
170273247
208386188
84005859
183766545
708712396
350084148
607422782
697263350
744066207
987173448
595190747
171040724
256827894
350789137
740334062
340951209
448222297
999657888
38608047
599375322
394252159
240896765
343276345
969568644
904380759
416883978
364752674
920245640
300246594
510473739
693945412
1018776407
1022181942
898786708
442754422
294152669
571289094
136075748
741107542
314638490
127346251
79267512
524512681
995933842
374669810
940083387
687046288
522765210
202635058
670626931
721871193
454965037
400895266
216361542
849127832
564620502
824292735
821520350
198236763
117421570
132435296
406361660
296385129
828341526
936382772
249055378
404114920
388746951
56056559
504014267
172287402
1047538529
56307043
158449269
253759084
565240429
34819397
29172237
951385056
1002300023
221724488
333762480
380238806
424519512
413274582
10785933
515806745
1036032315
13161642
368027908
752119941
135743546
878577592
714791252
764186445
184692634
497759156
48464113
942102812
96417395
45025438
955175470
765440091
247710788
21105387
354798034
610112758
566010167
720359842
775910229
388445779
790267360
874477333
285873368
213277085
734273204
642841801
816802370
292648261
292104788
497827958
6071052
237088907
612403427
363871715
589524409
797294864
1053500630
657937492
930074996
819356126
132368876
284250920
1032062555
144305154
787182303
211179990
657298398
268860184
222867379
149828693
20395855
503518602
964471090
85284704
602945317
478772636
254004297
283077694
305237718
389784874
92850456
741053780
636252613
676416171
846333128
994399402
622513068
548700466
942243617
971654123
500788804
360265659
330458662
893486133
70084155
117016953
679326417
1024511312
333941854
884055095
596556882
947759332
995370245
124733684
669045736
362588223
199398426
867933465
599847230
495574961
1036527560
223478355
709577825
500140752
514758199
557718790
348218102
426441481
1061437521
425976923
802916244
676841265
895470751
985571376
69761319
271769431
134905760
692247321
99314629
721500662
10273792
348927383
351109949
91069705
408773838
724375668
870769230
403266190
911923713
645947878
595553411
379324747
493408786
61246637
910168137
307259822
264078176
677560002
343097446
75946989
1023782031
220312515
874807306
901511382
783873797
728032059
616889042
847090506
46885337
258603446
867902127
553564454
111916024
489934292
8925471
301637202
677488086
1045800459
485264335
858750499
725152712
86324739
393816255
321643315
928880397
915762388
78012758
220834613
718682005
752706122
129394437
734659845
997699293
217737694
23970408
150435410
966826989
800652738
866431397
45853511
62280434
573368325
178865597
703569714
516372314
661551940
633716202
30943968
377778791
1018152944
655393472
517505370
281348148
1029976917
720407143
991537589
493285444
25817584
311459165
116998913
904084872
917526900
230254550
550793292
838542728
300198913
726904498
675604317
563446917
161557708
744167091
824647483
571280423
670959551
196376420
377719126
13222289
740140834
156350506
1073045353
916793480
78893345
170741108
289265235
494581215
173308906
819746896
992315516
862175384
5182203
565141638
805286310
846189101
324885551
990952450
819427379
362215208
717073389
409545314
873422526
202159562
1006487109
926184783
894295265
541974919
772488356
464493048
429124633
1050202638
741748905
850182179
830046122
1015326833
35795222
882501268
221788467
534313651
221308962
944966241
959086880
859112409
946745712
274166158
421809641
241369980
673756158
3949617
698251663
918896000
622735873
542833632
356540994
720962003
764216055
340030731
425654807
637230943
443121480
923251132
102973075
653097622
617838003
675967904
841898908
722789445
666066745
288122859
171136250
661583952
1027609160
270625434
771030677
406274615
840468642
821382884
419857177
151100131
4122412
10303279
362031476
145630617
326897693
733133302
563687411
1021075288
645008065
420490959
4957994
151374442
43026503
406107964
773432226
1004901106
438866805
308213987
317117862
389852842
968909153
56217345
129514491
47425668
125156799
1017741065
67178782
62539774
215756469
719447774
883920940
1058588024
594685285
235315794
241968998
1072029825
169068256
991025309
609006218
907999614
1071162887
732691265
499570496
1070816664
761658662
913146002
652730680
605177334
1069781225
810369724
43280838
580127455
874887222
64666626
858606866
58449352
1003089235
154452298
868042155
964138017
812225395
157117912
771261355
631200908
703787577
972512823
817682196
1037835569
232883136
122520186
98262922
1044726356
59008264
986451443
1030660164
155077183
393768557
170146075
719397459
518252341
781095207
861821833
713309247
1004660676
286276744
31417695
594095094
673538999
180301154
968152290
113848229
808044947
493542266
966655947
186609309
788167558
428718757
187472531
937026378
1021304929
340550847
1034363860
904363841
1058933448
797345723
730628174
945590260
871522508
593067017
515016215
1035709708
492508167
662826790
655391369
295145848
368449564
500322263
518985087
529923752
1051465509
836579219
622677500
967288192
173499076
55573179
157388115
980130793
309953742
275753753
836937382
1064375145
403951856
68695108
564284329
507436056
434522732
438706018
261831580
72351363
227818204
204279453
553486658
734994406
605568750
8920608
106355562
929146032
99017650
1028234480
506197286
1056051668
378740301
791368518
575795586
424142494
538545516
132072962
103746252
303028638
1039604692
657493528
285182762
448091399
591787697
758492723
547327308
737206439
574253090
561442460
180892028
1010179868
501183026
1037953677
577264079
635337081
328938954
469219301
830876337
195759456
765795628
435566057
707680545
884579965
801225986
273563165
858758666
872520252
552761526
497075332
126221746
582805111
321645078
1069273521
483160915
992351707
815270864
355692660
537755784
749022080
707255921
581582372
306029582
921529938
765698073
184965172
732485904
843844563
1070673608
1011709843
710161763
338755038
1013240045
542616876
486739640
990454749
272619875
327675660
178740072
152433053
798461400
557760981
530420879
840539921
432226603
980390438
427741873
90937308
832020488
1027008235
879722913
595372716
145734604
272641655
765136163
782199188
193174049
302959988
323342229
3078411
983987877
505660021
232375875
395937534
251634008
90544096
880471574
192070778
213152349
167212742
359974721
715501485
456361742
875378958
351480967
404187013
145010394
42484909
935696467
642073364
970225132
325826521
115400056
548836986
132646833
208473822
226019688
354532774
880901858
287492844
523725202
824264909
150577484
839606684
634390934
218094249
144642941
268745455
497776895
708425636
800482111
161007333
1066266183
11806006
1049124299
769603412
953803856
280654429
836910429
901330189
462786797
229499360
927417654
665923687
793843112
894670894
655126989
319979673
816258501
493125035
737135949
1024119707
416179006
751534779
574357155
357149266
896727947
216714387
768454299
287033740
841437881
472349255
6464421
90895634
622618036
277014988
715846187
70450442
180498326
998882057
930937255
674566550
802459717
396758481
1002317042
316185340
842910011
942939387
368856865
383554988
681709599
362683343
789482330
16867878
315379255
306455098
457107965
865685198
959846214
287561818
507088124
963898245
901298158
267039276
739985363
201496076
959909916
894662252
236089043
1066605714
558919467
889395891
902479760
453441309
756816114
858419424
503253246
708960089
279777678
314652643
826289477
512461780
890884056
322869519
565077166
673115752
262444370
956653139
78080599
269077493
484429558
135258401
395780441
455347669
16746093
168303101
600736925
888641893
367957364
237020678
369025482
459140481
207945570
887063408
679101175
391931525
1067035068
813643872
814874318
869238397
615497971
966673595
871871204
199183710
194941232
533907948
147470487
312846189
186155088
940522883
494565757
156743164
537449708
558612598
301803732
398232471
327833546
231150368
805073382
162039430
538245172
590817664
45083429
770154709
620851397
534975406
82835572
3237530
754263832
780192329
803010362
211450072
1023062816
527444520
931346014
403920249
100826767
573563580
701213046
492204289
278023263
479485701
141244491
920564067
690091678
307732513
766442720
997948628
578948054
222849599
204125109
91886448
197242745
1008626555
864304341
206184907
546477639
560064695
732378200
1010995828
913301691
300214414
175918925
985022332
975669836
813974406
426084016
825934842
630171234
316272270
596079781
772772520
925884845
187127766
414527387
896320147
785922016
708622464
5290742
879147465
118899627
860471299
482948368
1026690657
217779747
156421264
560805204
345094263
618243829
795444598
33749330
795912943
996495164
723100420
55384579
163979514
319622012
1035703097
800198730
925142627
933042544
574267222
21714987
289783502
939605992
289194421
1010767712
240752676
658911966
1058995008
871539339
703314086
617530503
347602793
764975036
1066347705
999280112
695859493
383034595
17163088
107905345
360091031
171920505
364758920
643501655
378425623
314056645
1048968768
823704166
522887089
142308714
586184594
656982501
752828983
29568492
926495294
100757196
646456934
12148657
227915452
880185438
6420945
805198996
718070840
513192972
689271815
912832318
327742673
1047924680
727339688
121502324
542072966
737297645
466334284
907600905
48939208
480975905
842130822
536838154
670862143
284660064
844651563
705645421
1019378333
478788086
217799131
624843000
876874168
9131569
715922751
846993705
529559308
793159546
579005351
724496406
260042350
172998703
170924927
934217219
714119966
385618767
153395116
74784221
130433523
923640034
920939915
878809424
781062536
831429926
98037141
877486263
485931037
95201868
859657179
755584550
734093073
791456367
358348429
709874607
681498755
887841382
191559466
682666117
610147505
693391809
917551497
685250561
904400744
644958781
242240259
372165661
664725208
529670997
612728826
336211201
556730096
737079656
1040189385
940454785
712358736
923389148
599197056
1009353504
419118066
814331918
764496782
344694735
68048765
811424382
96320779
171399698
602081308
874883823
306501396
475281404
14773315
30711992
54059623
309398695
1054527257
618152373
809993506
730273515
295151055
132637459
695692007
902073846
564356124
296946386
711567784
1054720804
4852682
505256768
730150774
28518225
819986134
685407097
1021864392
81966829
533653866
382682174
881734636
848988218
62820092
556899918
1007466102
74515101
679555676
153869817
753422909
299196960
8690161
765554799
266074810
182034578
698267407
343080417
341556381
366298016
509679651
590001714
148758165
691869624
780286703
644200081
662233713
1009805258
114547441
837002576
269022341
310729188
1051209852
902999298
651013567
423051927
350372142
368259184
794745835
430926944
940403731
365776418
271211334
524071605
435939741
17016312
1015089266
367161538
295504679
453726119
159293537
506081276
1065639906
343716801
642324630
779298230
257757012
67928880
448897119
635180896
596618405
361939528
754716116
964604812
204867781
709559868
283606333
1038916718
443563715
238800616
940909833
301856631
1025374734
1012546310
497677662
16896902
849248191
978995396
372433963
584152246
655239439
724225038
455585564
1069741376
80585519
617745035
383615591
75149146
1023114184
155755974
808030797
732911812
413724992
894249353
107792877
511633991
765187701
854952455
843289954
163823485
267503318
1058312847
919172482
75507236
241159782
1066350460
481104867
756348426
183887290
886655011
42404739
496011513
799983442
875696335
290213017
972271815
349499671
166094299
610841078
983150253
326154025
2947865
111346000
351022951
1017712483
819426426
588451997
380183224
146515388
184576172
806870775
858164611
681195134
850879944
150995428
397964985
420768575
250758286
292156602
416255888
537831910
195388230
391705624
313673377
625642517
123114443
730615332
985104345
743772159
145987728
655830286
229767406
119698643
447874568
735199697
1037730257
183219709
385901608
245029908
786686254
23652106
18983704
718450375
902510726
962645671
433150022
860152827
251290547
369588075
863917311
158539037
207638181
778342041
1066637943
798768662
950472110
1064250432
6184274
927639981
971942576
345967535
72073313
463432481
921279318
287155686
825827963
224502475
335771131
789656079
878758615
910377969
726696054
825027964
1026842832
273712217
874314325
770267335
92800990
963338502
557907112
1005856235
302820012
437227519
303652454
778335109
423884946
994157749
971157704
112051881
886846605
283208636
608321002
640818114
252315542
273244691
323290323
1001848014
1006113957
830261316
691063334
916088551
1039485887
841584895
376881892
839679911
379679009
798240638
1047150846
514681269
180178292
212470397
916026412
883690024
923620869
148964210
196305418
38382074
125549910
361574346
639302235
678894268
695799918
1022392871
122199702
378171958
656458271
848536966
707209765
177321778
681017882
852884822
538036469
810028081
713376360
397654485
1056740371
805202801
445464002
236203774
785505412
216572122
250791092
25175708
95753518
193309613
1024821692
641573873
221250279
1071758507
635747146
923113236
294244833
369808140
28101940
274316962
331329097
886831879
901360571
688670765
265080832
1054377419
913658039
764733937
706373638
758702647
980401196
852336945
73276091
736730127
317354589
395702827
615624008
431802958
812956701
2249671
31736156
462380158
551286022
670808428
362541516
174843135
122293751
190117026
559821341
368548095
1031024722
844688327
828377519
597025875
175750285
971468636
214231764
559752952
342517410
649054049
356318698
857895468
265294376
902094329
663038714
928691368
480280492
120222634
249064374
70641099
792744775
1039462816
399966618
868814542
71818506
755586108
36112843
150482312
742501511
958811074
513558403
751167000
938885982
783350044
720913343
834861572
110872890
1028297435
168452716
915592888
921467711
1041234068
258410106
770794519
518984220
1019151790
634225604
474773747
214390293
852269738
528156443
397865085
591284743
923497303
651949289
31513737
909249803
32986324
796171777
973577928
328975520
27374692
372419224
302456841
1046811903
716943328
812843842
518970771
723468802
37477130
498461977
857794952
920671417
390979333
613863094
246173328
598728792
438949202
832275442
269251148
247879008
215256188
1016588902
492205933
612218784
875185171
1029427255
799216538
741222891
273562537
947516256
907875082
232086798
990984577
761294318
335314160
961153180
651891128
731337656
751064146
221957315
567404084
625314393
918854399
424492094
279394288
348625906
334529332
343698203
650453666
804331804
685128625
959400544
164507330
610808905
698152393
910134906
940463461
1000748273
79309932
335888876
406234653
996913059
819488166
859022260
1014489188
1063458749
358046231
130631637
246730415
254347846
596003611
946005495
8235484
1059860129
140595414
119480056
169391931
630784681
847984183
752259606
1047444966
419253662
1008092084
642055018
1014209629
305934437
604542720
803016801
810869167
144642381
33823210
869420024
887280917
879194904
1023549917
590239732
53767651
139669860
306215856
113456192
1065731197
491348745
731958743
596473494
245810090
151154798
898862157
1020716148
518768775
1013236806
871963258
669498480
721719300
890040413
364306688
475759298
464772800
519484587
749758389
933287128
477913221
397569133
520196874
396248864
579364896
935560748
303434957
57537863
428739968
724727601
472743546
733413197
718994674
932997624
995467366
779670290
602050807
1028215304
818477616
461419811
457432630
1031435499
246897634
94844082
923699182
360376136
978534980
54034357
746542356
222355538
169343135
886147273
917188575
793494700
744000818
379698067
214848084
1025716645
667243628
509652740
252477368
764861472
15086817
217364422
80862093
1045234554
305159889
220084726
185527407
351925400
308881234
102267126
382038934
719701064
1020168569
897828633
619452280
337615813
907832750
880711318
948866141
204751280
848813532
926507447
688781902
129533419
404621500
274492183
234815563
824082204
100752865
898384604
757891689
562527365
191243973
270801046
574037144
623340180
349272186
879757619
729887901
416307811
329577228
913788560
382580451
3644307
482604005
988182264
871340826
690782180
649495088
1049439267
692289078
852372288
815412038
310644861
590450373
1012524543
932028114
1002235402
776629661
422272988
356193843
897655128
253410496
415564118
1047238215
968487204
61351935
207457382
682202011
869779777
509593566
960400926
801544422
384128531
597058908
359065906
749878776
638206486
767893894
946136242
903890225
906078782
238986740
551071178
921184844
118780924
290564244
366910502
696255211
231115839
47789558
832926651
195051215
860872709
833608666
82101371
422961487
703796055
111207884
312934684
730659158
30453860
1049982758
287565405
287664116
49434855
287247845
231814530
644084505
586546257
793568503
693636187
51916102
52448364
874806177
319828999
1029109990
104684729
41562330
709896196
189099404
116700947
513851808
669885704
623984619
347932996
837292216
603356718
935902117
588103487
689941178
440408295
501545897
769043508
6824679
743267956
167281256
645333896
723707080
860870591
880881826
323856919
1047983167
219847777
664538110
880988127
589348595
719259828
800737230
319285399
580137700
174111643
42640443
35762894
328798717
1070790744
1061128362
1036134250
293627869
704900010
117523525
589338538
945205098
1054210374
772157853
774610180
203632090
12892476
314524771
348268138
850178928
914625813
621025807
237067937
370580081
1065802655
931819404
812300312
541466176
824698304
170320751
1040516857
491183309
320759972
729939309
768619832
460324775
451556941
932501957
675480066
708319580
974241285
1036692793
1045461378
588281490
583070904
964575661
301415570
966308955
311997184
49149597
251730936
950851646
241102066
685300424
150021696
918082255
394795217
38669982
392225984
697178786
1482306
76493964
67971010
12790284
77855632
906071958
648083537
877818230
148793104
945123390
336957484
698800624
1049553960
1015105017
582032724
487506659
798754814
338150596
905145707
125771685
118830970
145828544
580550084
687810492
866401516
825458293
947658443
657680777
228975549
266785409
381845351
787476802
14215932
831167519
55525830
526183468
682541121
765752809
926339256
288722962
761440230
561082357
546242722
421670098
1060857798
1066081864
645343388
328044478
550997316
159767100
28885353
492246475
715459760
73064301
184633167
511258568
365765379
923223922
314348532
208359053
132517231
420428831
201323018
545239355
662996014
921879324
137742591
237950944
852233485
786112257
108513064
924829489
30726099
127750728
23276280
1072268390
284531721
246433830
173081602
514520232
118407537
973017316
69331148
928025643
725311413
158128287
133771084
138748124
967982838
1041368132
318787182
414900298
423989860
1056000038
1034835615
550397417
839996626
351243846
949690666
145940734
458564358
884871191
359184081
430738959
328070972
318777805
224349992
92273628
8123524
937371961
506809301
59802907
790464118
287126664
1053023312
1002243865
275192119
483148221
367450749
126101144
121675984
216535291
56265249
165985853
122509124
1046827342
900458038
544148428
602590824
652433307
881054534
861018485
202191127
349113027
472728590
947786828
336672692
890182849
384270231
485403380
400516134
45393804
479368574
790737781
922567110
687118725
550734970
177769895
91762849
110697212
544951012
197633441
78757916
944827013
601588994
531734742
459594692
948643130
123995702
1023699043
510752451
125707384
977863758
386676963
1001828594
317983571
302188713
15850446
395152655
1031609009
1068013951
383137574
177551176
64912692
826047043
315335153
744717957
627357435
731228799
867997351
112326784
371812889
326076829
117282831
256738059
712393171
363972143
923692188
130898845
194939906
836153401
730808828
246628093
15696935
228767880
641727258
674487965
754791693
917906723
136211626
688268545
82334759
207094869
1059467258
857423093
422571423
604978084
421109736
724871768
279232603
316572126
167609631
512347101
98041424
272742862
748762157
1024206561
924327751
804772080
234189703
739942533
947050130
231898488
822717701
454882205
405658910
188647626
942216424
507522573
909386967
814244082
26123080
262774954
913805517
549732822
138878685
51939320
165399494
1055920384
194957642
721196752
809080380
990194582
221987961
319771861
103954161
586976493
1019421235
102485602
458276572
554152883
848912872
146299297
578751678
1059305476
580744929
506436174
496772812
52500590
173084874
158105504
104873505
1016352117
762329188
1035718848
96207971
625037147
920049824
568726661
266302534
151207397
925871503
550017206
668297841
941111638
327985280
22045969
324625647
951513211
355522751
933590278
905407963
168724684
198888670
418499941
762937758
756624559
369973816
170914177
885621555
926826131
608678638
999129016
1067134129
46550425
58926012
790036165
595371541
706178584
899663187
384363482
10991775
71345889
607053508
877733066
116813785
72715902
517404355
153866843
210007012
499058125
636888363
131343010
227792086
1061362076
947359137
618885970
985786138
962492019
481524720
284324065
424909562
681919268
999582117
947008410
1000853004
339257635
561047706
663415099
818251727
426552825
440176231
526982310
868332719
212026645
82173373
757033387
1051002343
498280077
879005570
948407765
264593542
976142139
638319187
325924584
703995330
104704038
721803903
828448038
1003832723
1046963817
244303103
880663956
44397291
404327544
315457868
471870886
1028022788
945868957
165423071
893406133
147710940
842148076
635036891
105652643
640249185
13113303
983120340
1021093190
438162383
865097527
894761968
607852463
589918908
258528619
586531415
169548982
146902504
355678169
937078447
599079295
395178023
259341859
877557399
966574678
288435625
857754515
963706970
261722223
742155957
529494704
722046899
758098089
1071870311
310829147
144116026
839273519
441810219
496925815
101136120
488687329
372994317
74968364
787457125
707886086
436395580
296755318
1041880001
1036370675
896870110
159233127
386806165
193806947
522771570
136028123
410320974
1015683819
910086870
389610954
353209008
873898424
1041269467
346171769
664416346
178985682
167384681
249036219
696566262
359843584
265494506
390797303
652304271
477574840
371470810
741336998
836742811
495099871
677366168
586682298
532718226
930740868
905601503
418690800
30315680
516905113
208677888
565492504
417333373
1048436187
53056501
449249928
426590232
28134240
776114994
172662738
893002078
1068847887
531742814
919677912
512121844
1028702399
542059759
57830305
985015493
924508428
264451993
223934775
310633204
318017351
1071656065
744234091
843274158
289732111
664426867
235966044
197037698
413033115
170263242
517725733
699449795
1029315457
876055279
986295406
882370730
829538866
187455183
295878337
954014454
502114325
985915651
1039985105
833133495
798317247
172347032
825496811
690779320
265460053
1002089069
631194702
474012505
560066056
346186390
837239109
935471680
136824023
477175383
419415468
1000080911
148556072
840230746
851604063
909670909
859636750
957709825
60040177
779524116
278092638
663887697
135451332
144759955
1013613681
132886949
406194228
964989302
531058236
66864096
645729821
47042752
512665103
122722679
103428253
35904372
408085772
734793596
125048302
80138206
445244394
228910142
400757142
297193204
613508985
233842419
591231708
299645647
835205841
636577037
1021837400
576164890
788793054
616912252
216618584
770189134
1036965942
467943054
408340050
840826256
198560264
992230383
661918233
413998197
501383324
1040521986
360987372
728659935
964557266
790814646
593841072
183699502
721752959
518571496
693234976
177481055
246685061
770058443
711278311
489738086
1009236183
552481396
493993724
431543405
760585030
897889022
611951246
423571324
110012465
229748520
206715555
643707507
84150476
607004328
832730786
1006649607
830386827
368891704
441801171
875017346
125964808
397285672
864053399
571402258
331515961
151976976
755403383
327899017
154211828
110120524
732617006
1013797397
880126584
44091226
102827570
1022697624
553953388
871797984
81384119
834139193
72625391
1010957811
134244936
51534796
83798585
786940470
932976575
700605097
259589329
951450908
671147461
469831143
443851488
552620515
855328228
696345396
781544703
862645117
994687120
105786047
470266088
834827903
966582669
858571675
113152726
301296029
51032436
383104400
281621522
884268584
949861970
957417598
100910030
316194914
386247067
979259076
1039894914
1007039679
58321446
152436065
539868618
360290559
909976491
742703574
35889483
1230321
959585469
861055850
415898114
1054609137
635123384
485452170
113708369
533818860
18899762
107082695
724273350
459964270
438963027
797644743
973392454
225215616
249118975
1070171129
613909883
63525433
238806453
240465970
156689427
1055644487
192828400
1055045417
736297321
433533971
914419551
20651704
349987205
280988127
694746404
29582277
383833814
538703264
400286998
980091745
478833284
842876467
349038255
378653361
748391062
1037644452
360484705
505742286
804194776
193247836
224964885
559868171
568956324
990213507
535986441
477095412
879328260
39022237
768187712
951151181
934568313
563356204
698602226
210807455
132234714
676525058
547267683
767668370
947063405
298443530
441716077
951757089
961589668
271370636
966293670
633098644
682697157
432718125
215572048
820196774
23175114
390703081
730741710
83943910
862992777
192080409
156044122
943376354
374274848
146399749
1001955228
315985852
594612818
463744435
196656988
515081910
1051398928
734581802
684650018
368274290
227942481
755474787
196400235
764403087
1056151315
69703787
332447382
974754986
1033754310
316704462
886174860
538391129
610839891
996739965
30483212
322400586
387142370
892204451
440158793
189298245
581590831
374872938
90988990
401182336
8746115
320695554
761402704
939519823
869605752
765295322
311794818
1049647315
844799746
1029710726
947000376
420953375
419900179
898144013
156829560
974258310
404033340
972853862
77804536
911736023
546035360
178166229
30879166
727789219
794064776
312958719
905762160
775034966
885116359
86037679
806888596
1006564657
826096755
443706939
680857369
814322742
1066400776
125489264
147568644
287814422
714990773
106325745
814324190
597075272
1010498440
964985644
782364214
328161337
358842775
788444533
615647634
71374610
459217520
162135033
595218978
809466629
203576782
478012626
534336253
91130582
220908916
167064031
754946100
961543114
560577081
920099539
612814609
327379016
684366393
265813474
907926179
799596125
951114923
698357001
747483012
372761125
268182161
135682305
397072839
627763872
897461598
512980824
959890775
904546923
911868321
365235118
59534282
126579556
1067901991
537939897
707524070
233905468
251143053
511909212
567475546
566930206
638436239
250162303
438180444
731235992
555207633
708201899
589803553
82333535
1004719743
8472930
707191161
133295882
120978342
392804797
171742442
210718180
134455027
507649079
1036303125
38231260
885937786
409496552
574047697
158013294
637231267
843468771
935316855
845567163
1042955254
998086239
186682834
850725930
595242725
374965557
694368715
136414465
774170381
419095213
542439618
730472613
500625668
480542542
571589234
371039510
571061514
9002024
834317613
285904478
960875871
42395957
796207103
1061819704
554938952
964265354
720769256
997653502
438253388
419642752
727226011
628202018
374851166
377194170
50915058
886868426
70110566
151420949
862794913
289113660
240443742
177963108
1038910996
1027591659
304298630
247880079
957320988
747022945
734124571
583146790
265300090
968832279
982343740
786875204
931796323
329188584
319128085
750596082
173369834
792892546
788537855
1005309538
936348308
553170470
874763427
739681125
795054254
291697891
395801475
837977088
837691187
772396549
786011672
215297090
733553620
278982119
1018742832
917047721
679409045
484613176
511964967
138326961
360901225
1042865708
235932066
427796665
626484554
471349182
1035422234
826501233
625979053
38957475
119422070
958981892
940495396
770809480
309240697
339407006
737872413
562426632
819782570
466780978
631874972
614654896
997980274
952923394
377980417
88087766
933311781
515600595
928997480
105468062
987603306
210706477
723946069
5000793
556233642
22362354
600690061
476467539
982341906
569433603
956153720
412981464
565117039
334492169
844494389
607781122
380616600
803894942
1022493890
331728452
687956270
201359005
1007283917
1016099454
1016416133
129483268
85485286
799423562
213508334
783721896
950349496
504254197
383805753
241377488
880453990
936165154
772419803
107189905
384294169
984747147
728365219
1013975224
937247235
887360050
382357827
1048965311
166701101
81179622
235357599
822004596
202939508
671660554
232307692
471689363
183134894
189947680
268228076
539873309
52825940
495765103
483400525
99426247
885195765
687053724
278988330
1048369314
851982393
347236075
442957921
338322328
78824860
341915117
489352719
136556644
1050763760
844469182
150240714
1013762256
168294476
102550832
108111456
954526679
104704844
264167262
842884915
60430209
398114603
227142423
932441328
104623395
953772533
145160422
760380779
996541480
303892953
303460978
50633540
1049804306
65205505
458592538
1018415043
184592715
161681056
316129177
47006839
731084719
298887621
661830570
572799398
839878837
713165115
778038581
27560572
195441967
315071938
174710317
1065036735
579400044
1041031258
110224486
499521642
641821932
1066072350
545634990
485298142
139066429
201066613
899465555
427136997
238120120
1008700771
876755362
109501700
615568059
928448602
189019776
773689719
871689704
825143762
882885265
422823731
989131991
288762795
706714953
960287167
804369029
390219100
36542695
818217933
381608081
830907440
275627485
1068655152
946434366
548946668
606971451
555903523
1000917535
975719628
673142843
1038553177
572527712
146941281
293301728
835481225
719372298
30970952
796648752
681905989
864152132
1016956714
364730271
908113792
871117369
764613190
411976095
175442426
850707923
209991552
817367208
125581770
305012320
1013645993
381284869
118940631
179628980
1019170261
292297942
275484903
532237686
54293828
767662587
728885372
165941757
1065794805
503059381
278104491
765614253
170612461
208688991
803215929
248696255
1046091044
524817570
515771301
586603335
824808829
531839539
449692956
133259467
942608446
480710641
714118897
284862449
569847058
193187942
377978835
376513459
669322316
693390488
650078177
858056974
599726889
468030446
326608062
631518820
463248052
1012442559
635283738
362508801
763905570
890753480
171384957
732840404
556123328
682207498
621719812
1042697345
794110599
864935939
433347411
805086194
815041826
792324060
41703245
885001627
971117570
565623891
856588182
660430032
972319152
699417614
552965932
41872495
849568355
397064515
753776464
554856759
91204554
295906328
646268625
900338427
192076951
282422374
920859237
201141755
272025543
274480912
805819370
786565400
270231227
547243975
488089495
211762744
489003618
649852957
135766436
1002438729
138640198
335999742
297718346
922386424
691820330
1053747958
504135732
98111469
151857357
549329516
589225361
316925736
550532809
975754500
261352024
76923221
694349772
623256067
50486085
237781974
236497419
1045152401
370577603
753945698
619071326
453973738
820458467
378562485
585753268
358534363
265206494
623466331
368129274
583008806
128566058
835892814
252700498
458443486
512888806
724178028
483545367
568782364
709435870
1062069327
55002739
1045075476
178852707
438854438
867789549
152279706
1032833386
61871636
432361757
423573942
949121023
194501303
873070566
233521152
517216060
26169817
922515586
121003942
30833246
334214850
514773198
217731826
337074639
727308847
691912963
171280385
455168394
489039300
889908971
234218746
361275083
609233609
29792307
1043785230
988427223
960104664
592504211
220922914
908008161
1000619661
756713791
250127994
1028711847
380779723
586951544
832245208
102144795
864888706
432390202
857032554
836169188
710096035
937662966
593667205
648271748
211322559
192580976
562204478
234882183
494632843
918781958
889709361
430871925
737643356
167424411
504190931
220390463
807498700
777064464
349209853
662604656
534518423
163501327
276957973
592435966
942183857
908628188
865199583
880688757
237576483
276378675
134848956
859886984
401119034
126870704
799382040
192677802
766862445
992177794
585373400
253655312
1050595797
469942438
150946299
253498114
31881175
371231349
261604559
435036884
809401965
903650156
826286035
9936248
37806288
922137132
322667735
262437170
757705072
359230356
977885713
271933500
804555842
55650032
69800274
830061029
843508907
12137461
594839715
249205683
82705570
192076172
1031123390
802920731
445407173
187081718
153017011
719178854
362341650
951104277
96941843
327022229
940504822
1002245085
778576214
174754924
363584403
197449528
275262547
14140080
561253441
437862978
784461403
384200881
1047170583
804980980
906344945
787014151
616051736
953801071
545245039
768122568
71482208
331347013
1026337260
739433141
92564541
1061301911
309781465
400992656
656061306
975613118
583278306
989586865
660948949
561901280
387512546
1015155551
402327868
366155121
242574742
880080535
121995711
457756520
721517658
532167783
72549577
532021146
720986566
114003786
1028670578
257257281
261676841
809365227
810677805
458140723
66788052
281765584
506460571
306235360
582578766
581611795
174257566
158296344
434219139
28102960
763173418
492272207
176006852
602374238
865744089
889304918
751219349
535124169
102491621
281975127
880985190
569944559
74122258
267589357
266347672
34600360
856731328
727600107
651610241
204190119
959092323
572428708
848231626
377564142
925283516
461725561
469205638
246996208
519968364
1039171774
749938458
364587199
1012625316
503985394
599622414
285161782
285907257
653160980
189453680
592789176
476174478
84965442
442512701
383676996
455761330
809747455
53206581
360694962
873395700
842735008
984396484
239726784
654442678
700038338
526737731
570532249
803894749
114453054
267111931
983870658
350509809
747773301
504770045
830254934
157442910
580268044
673724650
134040658
225193293
768393479
721292163
718280226
498023597
83831147
913605857
246298514
305534849
490989153
463318884
767281887
1037743658
409966966
808396748
353393946
186328635
733815369
289914218
492374616
801932106
775754898
943524089
568990352
735243131
778895244
303813985
457706236
148504358
832649325
723826174
333734726
257117190
14878740
915754492
713377979
459768666
238580263
267777373
1034943503
106550821
1031426812
595401762
108208722
152917675
479998060
962481514
926111157
920397257
388764276
1014777430
474551847
782822835
205753122
287482599
404780308
510005441
911169680
847600979
321093304
147594141
582126378
284665493
595020734
644924855
1019600223
130088673
793564233
913170216
709736418
542909616
91513368
655736923
61109905
100339802
318315242
291147769
712174165
348339602
295451974
29764586
356647646
114839792
370370050
1073005250
26025746
755144016
1007469368
261154078
586932638
273942572
659666857
592942677
328081613
813071847
300021047
794043724
571892066
985469706
940186569
550628189
1046783988
176926207
960031236
184383175
630448017
501513022
501804842
944059930
568222335
389657828
348561510
164230722
443408601
223345796
396674969
64931529
591452339
965790540
382709238
995787529
432528796
550658355
584295779
393379943
292931302
329812324
134521795
750220976
562658638
845454149
159870644
191344723
745126390
746512399
73071694
993559708
400987192
280822302
645524088
756198866
653973622
779225176
796539075
389068509
724655632
257870185
798159584
569368209
851725670
475536541
898181989
549606041
568220929
146333171
179494941
1066829896
350862623
63285650
910414748
990997120
1015853420
1015582513
416898603
980594221
611044036
909096292
907120715
875983094
747064641
947122235
229886184
507559288
144367161
593498929
287998053
26994961
58494601
60339060
315758549
306913287
61242180
466343128
1059093634
978161007
577805152
935090883
642842624
708820694
503010155
151932725
496862940
437901234
752404925
574754353
12405259
68755462
583061850
767089224
405752275
818663653
492585834
430755742
573287239
667004069
705725314
129946550
725975154
867994785
921755626
787269777
822436942
542757945
694738924
86422366
652828632
263958472
950687204
850796004
287537137
312172440
834981336
881377434
88576429
995363494
657418961
153753135
853668815
161140702
713864919
487715656
598000145
933901498
477019193
171470352
1039606481
445718408
166681895
687394173
542657084
12258964
653445715
978793581
92880547
902473001
328066695
565878108
380175753
870432721
209180364
1009038816
185278445
600004335
53221076
355460540
663080468
433874980
79483865
11641486
843721586
199777821
1000216315
125207478
697436703
38921605
299226284
624434727
333657694
354736445
593864532
747684956
627407268
886204414
606631595
62436273
532031004
585502034
549006477
487001487
541209790
419116960
993398523
1036649449
15931457
806013027
495354922
690745733
588109415
44195367
149170380
755482884
784969987
319455604
1007129666
823868493
802453060
282243390
395915457
845967499
971430255
1072291026
467767325
747971309
90285422
126270628
1017419241
359687210
911126406
471351120
611559549
1058828028
245852703
427867737
495716527
168075929
240790276
601752092
436495445
100935255
1012427921
51564639
512255978
969300393
894957198
789465702
113691918
213267879
331104026
30281949
151943987
770555612
919765535
812729246
678505949
894564962
704605983
799686525
40829423
333436083
114817663
306197573
65127643
916646851
287825493
600080393
999418113
699944973
629508687
47190118
804335662
216934049
852711573
745641640
643666699
771998874
708796187
430536637
943497486
228017751
677129342
662708562
1038986187
1022088026
711854215
957784100
974001699
411178102
423357672
247671378
291970675
509763097
365486744
1071260937
1052910871
238278411
706758193
116521916
432078307
542755852
396937705
886483189
921635148
506804056
22414344
201704244
183966244
384158160
863612804
78840100
520149176
931510212
87715440
110141884
705581833
699770662
574349012
376261184
598902747
173305263
109353273
70696135
238729801
18060520
828151762
584345303
1006745950
976193899
1046560769
452449664
837781270
809039517
341595374
860802751
854956613
33904527
836415569
1038394063
142885756
887005832
945660164
1069790558
549512269
459049272
928976894
236958062
105714004
270804724
771542088
327136803
999574594
637029905
150563169
25758757
21754358
746614274
938027936
432884998
422313591
405033781
881009196
273194190
685651684
566743992
53700344
566396903
1039452224
184322914
194766875
767892075
441175083
53677581
66426660
63838641
12912776
496232808
654034155
41720347
455900744
664446618
188030411
782231199
789952378
757193765
719956123
295347940
147455156
377935618
744360069
608869304
691429764
636416864
686856598
963379780
176831018
1064222754
230590740
612921636
803817621
1051434876
420935073
142709361
447082486
757009253
42894598
860155250
400317431
1038697166
596780180
90016692
267631474
549150293
802913336
161919861
36937567
623263848
1053151494
379576230
563459709
966042721
212911551
960762191
168585508
485301804
496203374
139379742
108821036
794427314
1024481129
523376806
387505915
560762205
991521980
908932083
354212304
906423279
448383776
290566005
1070919389
629420528
446424142
833500242
348422607
689427056
432117095
837394720
574597235
460868740
397227353
527857991
198670032
957594561
436193694
782062841
439178684
456509411
398663686
22142166
354941117
341581375
923097300
872066609
659268164
233317000
426911125
975494437
214120811
86623521
715901449
807194302
956694832
375713985
214087318
802427436
599300432
680973365
725533132
768168038
1059784184
369198365
743711498
1066261800
988974364
26291474
858689916
275318184
414835242
549198896
248369407
696182150
324584452
395769748
435897249
62518744
145586372
831593797
79614413
338489783
139291911
798130287
889984057
409879916
845530356
438152975
141347092
96889198
648558657
922965159
129234358
440990017
631504089
523855405
772185609
371241455
755255945
591733398
879497491
198274472
739124617
586773313
888866966
695053959
959512240
723895122
262326474
870765910
989116235
298650610
580299394
729251147
755215134
263828942
193458365
560724587
882251178
444612202
274575316
419203153
883772513
855350437
1065244718
916861485
722923512
677498320
909522456
281856185
5698983
541560530
170917797
881023926
286638477
670602525
714717741
1026128908
111382597
66708644
427456264
744136674
972241182
782861694
966521178
930660775
411974700
605888112
468460016
587071572
110821964
615501621
846362644
285158090
716983990
801326730
522285294
467227466
384605774
330341571
558184796
542583290
83988163
397286802
501667517
957622350
1006346964
37484899
345195998
399116599
982769151
353840541
230427506
160885829
1069915036
141721014
483161198
704497657
695929029
927910643
496008123
630251904
872598172
472569739
928051761
335732132
426306115
145625122
762699345
921503123
551337836
273973286
1029569068
852131237
980491817
255747109
836275539
54083479
429320889
615783163
938202296
662061652
895561891
384551405
811184184
505513779
671598244
440330925
173172464
198431730
154580516
347073231
847420867
953864203
900005064
777906525
929057891
505740290
783553896
670332185
840143322
478105143
325807302
242062467
628137514
158019432
345219656
560774916
36767642
707790584
77360793
521046170
342416566
1017104185
128165540
214704303
425092521
10333146
959902051
821971428
77227637
534983418
876696519
52469768
135767571
500693514
589767488
829327147
56172267
968142941
654615205
58136729
507035946
859383134
158774802
377404302
14152202
234221211
143256854
703104461
678023693
80504859
410791466
135987288
356328297
135102890
442409583
436595430
291314342
137284002
438650314
198867016
114298135
891588447
959275830
1026731673
436108956
360743687
671385408
1067555857
807736919
832012532
443777559
381451504
839882089
538379646
172055689
260065962
497746376
1067985125
636466790
302921588
405262447
1032277174
39125107
145845703
47298759
446596824
155767582
614108742
687777207
943353212
520173744
997601490
239733282
989246510
265331627
121338150
70732286
139718648
436656009
33793990
895567533
467224492
712988915
383435365
575685452
758126697
816885562
778601299
1012145710
751225842
712981556
47142244
1041098899
268290237
399923799
125865338
1069859104
233605398
172564403
919599150
204496423
65136012
295851191
197096818
319724908
824523599
462194130
522794389
895086367
693542138
125842539
237588738
977025388
1059396655
202307521
52710389
394464225
159365432
582412646
304644261
385170366
846404065
84778651
307431042
315767066
621114884
467482569
792214378
591681648
240373209
558184889
437484564
431815174
824882357
9115701
530955507
39799971
747576951
555321655
255020549
493792558
383037966
334725547
733361660
297518925
449409655
165489235
1033714697
634764462
461318112
41667192
704430776
67336034
170454387
464679714
325469257
710735625
591875655
397334075
890563738
725832778
1059364491
456939627
357860448
874379200
786923434
1009069828
380462500
435969957
130214789
481165082
488497592
556038975
895139464
1033956095
385943866
663376002
163735720
82524116
134791415
210079531
725265915
880635206
232819389
810975868
206923602
226473215
309815219
781299164
231949269
586310433
423539984
645332115
85045777
306980180
650304747
171378730
753686616
204852163
700252288
3800708
547522562
844875406
880048464
214372440
355198992
97064538
842502057
637406399
162731124
821661124
960373198
242970504
5133439
15335993
678594746
737898276
648792344
498164846
765438618
1034607282
955191111
974830945
52801532
116116978
473560134
601157318
740488163
750534356
148603574
838555158
367648538
861870116
677387468
35276494
885222490
803436454
603315478
847758059
793081426
295124362
727340807
392842082
467677939
536246126
848277394
385247344
760232098
12507898
97187753
710697013
238683968
637783568
426421868
454013402
30334817
330000481
165022745
555538126
198307539
1055247411
706615856
259525585
360725967
90604777
598363346
973606071
319822263
537147632
990096517
225981844
937476656
194271608
98286681
860187444
947801515
988446461
601981757
16501552
671059333
732420400
686077325
116984746
605321643
191335809
813236240
428517047
404211409
103731190
760882910
1002432735
949642288
501342390
862202564
261743700
833418146
70919773
123876457
1032569512
620602464
991826210
159443784
904729260
816221616
906811919
251266332
201511981
522915588
644350041
11411468
94328093
254541182
482886158
789879008
142878240
763110321
334113226
471044695
790846645
719380260
223838536
124692642
421259572
22747572
175777831
542708037
234276495
639124099
554163148
195070129
598417453
480700946
780015520
561609944
76348072
463475141
1026619484
436275723
719713579
1024560430
1066307225
528235326
66920993
121132419
363583356
691923890
401123031
893565505
891839996
213844776
274718565
1042735513
767690142
283715485
61836012
558870454
464700430
922013272
490742872
930564362
27905704
649990026
723410635
662836349
44730603
138385612
559214064
1051932084
1006524910
1037781826
570643363
913640818
578961474
213584175
735351724
146950102
603580303
560664097
846266555
496905624
805642083
607797619
124711297
491624262
69618834
512774225
165771560
348982554
517068441
458427552
411950953
1029476891
462809423
951815655
840010375
55477345
122838336
663145004
271376807
942526238
690489052
728579921
183141944
829991015
469438172
620070434
162632367
834295934
675167882
694887099
317766993
540590282
827861620
856059855
795485074
215144947
847853316
1042551311
661824379
839768300
614288653
13112759
1024256241
598012058
464631076
862116068
993646689
385359388
934139395
237647542
39767748
161324041
220046019
396935102
120243509
547544004
339569619
44926239
339044675
386324136
209846285
811434185
231548491
745033254
57219446
169007054
808097943
356931616
416117374
957790651
966926823
768795108
506484956
590432208
759624843
353960433
1023280548
485322490
768324494
89329044
363797881
754803738
573088268
220858915
556628115
933904564
524477233
128043723
441375206
814177586
70095345
844233376
851736629
1056991055
663781358
127748428
45615601
246114656
786523496
868497137
1046513460
383554397
227692106
857936718
808152094
670447588
744687080
443483068
307114702
102579899
263018941
61415402
824273915
151511113
29540071
379409882
966033623
739161684
178261486
70244909
79572267
485959094
1006623415
326183211
428659148
428387840
533651353
1068466410
350679936
254082412
112672450
667760779
521795912
512171892
74659737
259665228
102693939
961211104
728259099
226513027
576512964
629676452
444188353
853832956
414825135
456392842
567779209
987779210
926568273
741440246
2190450
929653275
110452883
64903846
197306258
632788360
659200462
473987943
427528815
189022233
435942090
1038187961
1054321800
303456631
867780456
157126287
1057111286
475523412
916098988
314299174
477397902
450150157
302558768
455464222
398127759
932661867
317249216
782232312
129543925
635466406
418872120
807490164
985458117
977383406
746260669
841530877
842707048
883614324
709194058
353851860
936734161
782456625
608867620
726209785
327041511
755806884
292451841
953400855
361398700
326050036
828705479
363412458
749955792
71901857
905064990
870185235
383666589
698189270
87995368
769044573
860663426
376394371
1033777374
635027461
373760547
1015902677
394914360
360624107
692536508
482946452
698693828
836528730
259290080
804680951
408588593
770035645
269236362
244278523
820306762
277925607
66726878
780912352
643160756
456718045
734640974
1052375306
576165748
130816314
89173737
72865278
904432641
298663817
731456167
203294494
165823573
130589171
864261832
555630381
957437545
84566013
857762661
75165089
132795722
966279168
1014259056
543735324
597474052
712591423
909318347
520484684
10136572
759199844
554937091
410140111
128450930
728121713
79508764
991438911
159188909
448314845
830974574
859721435
616541796
674510110
819143290
1010833043
70226557
365178454
514104196
898692614
232818119
609770834
510763113
350653845
780197362
680547824
388710238
548798745
760618922
782035413
284901138
304865910
770771527
190280146
556878207
119196221
767188710
485863201
221760698
144784954
595389370
692621927
289104205
396159976
953984090
295434641
292660498
557276996
801583212
984737190
677876309
43476572
859089102
653847718
930625674
1005845985
142629485
526234341
543223506
90074558
329391292
109780857
1003280635
144656808
624462358
44915318
812144300
863971907
370930909
180824527
957145552
530713092
1019243494
338719291
198527704
669634077
500559424
59336036
892977154
241955170
338957708
919438894
749001237
123163868
1031919739
977220885
698179953
201898652
1037380543
614477451
465753481
1052449580
690643541
719828647
789216832
1001440631
508727553
544684242
761314893
238577203
455178748
65999556
694845503
824308974
917650880
615129695
113376931
439527687
439836515
323687552
305736644
65564038
463535039
72073479
698774219
240731501
788758558
210808782
740563316
5453406
289776746
393749886
973503488
506679946
778992462
221451288
944797674
558315468
221248659
4487979
352190816
380712334
934312153
68285703
819902299
877300008
546938397
112016811
76042182
404724511
215283191
471388695
511633972
261317574
745756921
813149457
348014267
441174415
1008587695
100305362
831571332
1035243242
220608778
280385604
37697188
820120417
645428437
430294628
372217800
240273619
1044717555
1023075398
199873508
698104847
456325707
1691558
800177797
1033581735
169243896
1037397007
884311999
528001699
989258322
245378869
209489466
569218123
649089085
559356718
200261047
822115472
389286090
13283910
862627245
431029018
459652210
1028483820
336577737
310353737
902889263
900507625
698924407
383271128
300712079
288871145
186711463
226756635
273023689
420304077
40093725
295553820
446833326
412960888
403650816
6269250
107508107
600952650
17209198
671044283
486829520
768182053
164043755
795800092
748935100
805322880
955173752
661366706
991243333
457350062
127398798
419662725
279796654
52083539
945725721
358969415
873674794
1048125114
934714560
307574439
182065261
318172548
196282822
607395573
100496738
805424018
896776828
885084566
22980958
1000710720
964406284
204803364
360231624
654455331
836854269
859311802
252421015
407835018
26545074
155249128
775905320
693900872
973326084
858363350
1011510895
357060201
668857789
823013650
447506906
151526730
972884945
944533578
794758260
344242458
841783429
311126093
676390073
437107573
340386314
671231876
680823459
1026223084
375070920
955397467
680987700
794552712
204859412
22132507
672123020
583703876
393419051
747392990
654046858
987848813
429389073
877991595
457135864
777751777
515386437
886330635
304367172
278068020
522232166
496431260
210619186
976574473
265296991
46842631
124367983
691459625
15979660
747122840
830825456
241732735
681828742
361459571
73262939
735625766
225721928
306818186
660511385
44787790
622301607
407151448
430595859
430572118
155845026
352540801
157222874
45073110
600772873
1687555
576129077
485648900
507700314
352084711
593820180
718312059
393112451
877797473
956937752
279703725
363948012
1049786992
222268081
26421581
488626249
131364351
678021744
149179947
675100241
630038740
684193223
29654342
470232444
888335070
648968730
799580875
900309875
227894185
954375201
922538788
498192434
911393163
1004254775
512010744
784465577
1013580525
860031969
701299336
143809976
674070671
1065657630
468648076
439436840
279609825
585885949
752602077
408717664
944307305
874001325
681742063
578975830
924832408
867188872
215011689
838901698
100707636
373922111
907109084
385134414
799321085
1033995325
368901753
950037267
420648258
349264665
561194558
487024374
934303050
608303402
728663526
687101830
1038567680
801763003
514425992
533290276
560313868
629455997
513050741
190606079
164615685
254935495
792260810
7142446
547039374
433513840
508272511
435506553
548368365
63326296
87992235
164526817
214592383
281279640
244254952
453752186
297566033
151833920
199559240
490922613
934861403
376685292
667575174
247620328
366366329
543804585
556839127
371916263
859786381
955180378
612182978
189114576
1020837723
106265621
717932667
874195910
647444132
18475734
993342349
250233965
853935289
627172840
666888483
304048890
422904341
929058225
892910607
431273970
542889246
200063064
344419478
863976744
912960750
501126946
160583771
69804387
223091529
751178090
273067126
962893742
517463589
351735613
467875716
772032502
501211365
73997760
905643444
424772027
325598798
959449875
1025384997
828744375
846420938
925979513
310454301
330859302
893013900
1056767858
872198243
309098882
656138058
841221400
939056754
173703850
910064501
636600448
184236921
820165242
645865028
26609808
421351837
16307290
981253518
1006055896
1068226091
110247667
822703724
1063314534
644702689
285019931
165488183
442982142
518753157
1700882
117625047
171178214
956959292
625139289
601376535
794265346
202882795
163203186
738704405
969618162
169717629
692131202
984675059
91797506
201192549
675055366
18618214
745802823
378946362
566304628
907962028
735485025
1027241401
1049159328
1037009541
680486256
261801766
243516461
379163291
608676095
884373556
590765989
930295760
71264978
563209128
897720820
991552858
577556394
1065827968
669826836
33575773
260574059
713023176
274001751
565574215
925759076
1047094837
843836752
205915707
659291421
391317956
316923214
502294425
124461391
139424015
378250384
839387318
761170760
945555776
366001376
724332903
995130075
903227991
772476197
655934174
891787421
107107194
155417901
452172566
927064896
43256894
984905563
17749047
183743917
239151202
403019609
573616817
240150828
257719391
300947878
964728071
243685423
1030665745
228170797
480207162
677545706
223053054
167468981
154186001
703551266
1035538406
345551607
1012289054
394473153
686664558
435693381
995157092
727425899
999786604
350826100
975259761
263665042
157002418
948384120
53630358
1040721392
277269382
237513875
293600810
141663670
441627754
256749748
849102291
488619988
225614017
360322938
768175639
203196891
730471099
918944776
303745169
637773413
897294187
499251561
226790893
369369802
875559549
735833565
378658299
13758420
829271390
989380019
965341877
234164594
526368735
551556724
988147193
105039314
725006101
638969712
155085947
34261025
889555747
345010773
716823975
1049671616
496301931
394553468
565255058
726638588
469289122
379816499
67237590
298914249
915214313
856723230
111173111
369095464
746215135
292606729
470838748
560508456
167380273
405054850
87768102
570830613
1019576717
373923004
641000247
371099593
440559914
857395814
935813091
881979846
214250594
905495952
739391072
695147538
630086156
596858913
698618403
363703667
829502548
939153537
291114366
875286564
955837343
940729317
469841063
291724853
736389385
677581858
486940052
701028542
566968835
766368480
1014734278
705473469
403955661
520890299
900005344
797678613
559191773
230345418
922632051
507030758
380060959
243937455
682092051
912194823
641462986
163085154
324626127
441049307
647702861
446837384
1057673582
19195201
419534766
1049089565
1030646598
560643058
840422563
765239346
272107885
1045232631
138068834
695411026
793110376
150835692
1023862563
249439598
75071402
299951592
591585720
201378295
992409219
29142402
395562775
76226523
767935917
1024098116
83581938
100977356
451695179
973672014
1022437065
560867865
470567944
126958042
877313722
172476619
691352750
312918555
77109642
816570813
168803049
218439386
702901105
44185535
21107171
549810608
67067816
400917013
412316401
649435206
257310417
110756433
900732964
366228480
621317115
1040475620
154376610
75440783
122341253
1024156257
66871094
278464554
83316789
546501638
476557203
687856106
650421633
839992266
542753932
559399299
301946015
201494354
770334172
174269652
232144827
798286260
909785197
727706771
360837781
1020961659
981144735
487575117
471941976
492512771
172258927
262883181
8977404
206429032
869217381
722912246
387133692
432614749
99675628
387980795
941068104
1006099073
751176188
207550578
146425543
781536568
925604694
809598878
161493619
265616622
1063698504
560863640
798844587
869690574
347737093
182734571
384861160
1063243634
21420874
291874610
441285506
63286235
42778871
101699319
229473944
443975456
355613584
122682429
205930770
301944974
841233400
110229267
1036723597
28690703
41605078
279513724
1025261182
817343804
91475391
678864997
836408222
502554825
846261725
215440973
975009118
377175972
393212016
70768306
99782359
670778009
470490962
360905127
123994033
497773925
1022762897
760233778
374391014
856876422
978213411
569161759
50517654
699666989
232674541
418161080
393360219
930282524
946038202
649028363
356745762
141573748
109851585
982640452
292267344
185133786
288284432
983398203
732442527
460864455
854241778
336595579
132980412
990434514
594254815
544755265
867024551
886736773
307315731
683417505
52318766
768919173
776271577
463379580
478153526
1031029666
236357232
792932876
508223980
1073098873
243702843
137062075
452654280
201880747
855594714
918567026
196444417
687718720
63561155
29202673
558414800
1004637471
670845236
1023466
548393451
405962905
61783366
1016972537
309783530
501347496
813743041
573884680
277224137
262434667
911708729
832153446
527145071
608533781
509143705
752560698
575538204
882281202
852175238
927327658
456752628
708818278
248483509
122961768
837232234
76564920
320566294
471644907
378705212
1010783359
866671945
776426340
445108333
466139910
637803920
1057023250
237219390
237928152
839536438
215318463
863117850
239598749
445684380
239444062
143022439
1055233264
673197731
699937696
335631444
898301032
257694570
418830980
156437006
602715004
612054591
789855890
578096586
1020153937
1017832053
566747268
547140159
874020384
806760822
886296550
10736515
869665087
416342950
676202537
957840035
51421016
539241369
239411077
86295435
198769024
600880986
631752198
817346263
436667621
218417494
909088582
966372688
457029873
813545357
968157240
828527192
3531094
3097155
266086572
140339580
961230491
825971476
370199915
1007287898
914608889
765794850
844866622
575819801
150270994
410488862
128896108
145507342
1059996503
1071132484
557185589
225263173
852768591
358806604
170993863
99317856
588130714
840819440
110971865
381785372
755137361
1008889161
1017379540
482447811
302419821
397845347
955625795
473349281
734717789
312808536
260860145
892018777
53216538
377359573
273812972
582465246
1061144899
133979549
265992987
698545054
32062635
1055163535
384184813
78313858
692747375
399954720
26885818
156565396
237682732
42116768
296549303
802884432
202099486
596914020
697299605
23919075
1002878654
744778367
657900487
62659259
124601014
123508723
328520045
1062889378
264598090
768121379
883220620
621232582
719088078
337841718
276225913
345221202
113448325
849147515
820279482
984022187
810053649
1027225802
642420363
998267682
119021654
419283395
885411319
549408633
669251745
404234759
1049091301
138950153
391704784
126404073
955999350
948247887
147219124
890386764
895509482
257223802
682815688
660245403
471598398
1073679729
902117803
936066844
746717932
146680992
649464699
440334997
57160096
1064105367
822875966
764081872
187663575
488291590
758040178
101319961
576244545
615150138
293318815
594499612
235951730
475887536
220911765
586182443
1058515484
306916069
43081982
888894344
853036183
38082073
259644572
979826378
1016224902
459635768
79798840
251131891
103638985
896096578
386398540
1021836927
719956600
800407310
400427260
976923954
601212116
986565732
338226566
309678770
660598555
262587309
782115295
279244235
811580216
239065191
752883042
744249085
784537391
211160026
472207757
897446930
293216248
106150651
654073702
99487897
298601409
824811035
940611015
81363197
741744362
676443705
827749626
155130567
176783638
379359543
438960727
368715960
661921558
1055539418
136420130
482766353
1003006380
23052597
369148406
590163700
194841452
656507405
355157115
265466379
460940674
271802426
17047864
642855844
334657466
419385734
407441368
564134768
498224265
136308798
411173622
254729097
651352254
303160437
779950641
88956336
370265746
106680164
204935223
995292803
259510027
632357148
290491430
39305092
733906498
504323455
374204697
702449785
902397413
273836356
740695687
720882484
274905005
254339227
588569781
318670609
924936315
837403122
892806987
247196542
755215812
753064489
139388979
564889677
85456137
410793975
26154540
1032981602
123137130
700677291
312054880
861333101
902575546
931396222
838367805
47908699
625774021
896034493
461170573
508923141
1008372891
471309353
92101875
129224369
907846104
127805656
74392205
57823458
748573535
120304473
469012840
537072950
264113079
76174777
222410335
635296304
510251597
772627236
334902841
1050295396
82113196
641684818
83415693
146221325
1069402124
914211136
786155474
471160067
252030122
488573631
251666191
1027240982
683310898
984551530
90823028
426920793
940452162
791207430
500977196
901032330
1044575391
755612135
643295911
739943785
145700138
439091339
475376127
596387323
947229369
857681498
82433476
1071843264
617325337
248447399
277999424
866192307
295628989
189029865
996509008
914426202
733838202
427415307
606728732
447694013
95394616
847424562
897190533
102099947
361488718
619220445
599826413
846077903
980298727
473232207
868811912
74583585
574480020
445595632
797862425
165610046
293568975
696849925
425413083
741068024
373402585
45424767
361730954
860806816
460996601
131851878
662493182
724278661
256072506
1045028006
363284834
749331278
474610609
613624460
451894185
479164696
758301292
344143511
406630695
413471505
629266751
666744741
179801976
789579719
120238653
272630660
379627715
786369705
264455757
27529306
552690928
160206948
286624026
804904693
550533375
512768211
344469344
30427464
386364726
484468616
860024388
23542836
362221672
331173419
480645309
661279064
838773772
656078715
359996209
823209117
236782063
429660400
879136105
1016062089
577246358
806526565
967483858
739447325
991599247
888391719
494309133
143666309
63338130
355178777
672029945
559041227
318752176
984672520
626097183
79002478
674759559
467604977
71239215
978726165
129745230
409500499
775515709
720304337
453501397
541127371
917963629
333783101
138460309
62102873
664506129
300651434
379987122
797678162
350933461
771175995
505748065
932021003
168593334
32270178
24766625
473891956
161397030
814471047
1045185490
379399325
403621380
795935854
10688225
894431187
141806993
520540666
256569079
446645104
934178960
568522010
376782066
643890481
1009266710
305186418
711473843
1052677587
105959021
364341768
408440117
757873594
448995921
127400970
122851588
38716957
1057537345
729175677
453502164
70549287
296941878
420465299
326271766
7635827
354721372
581684545
425915999
827668549
1031032790
192623832
968334044
614746930
1022461729
383543541
704095282
585444436
761972500
873142163
934749846
845134684
517505200
186968771
967822922
971801695
974745704
745078812
841056395
260445621
374347871
11931333
167524804
407423762
732379361
1013704545
236856101
202225764
258653939
649326883
750533240
60216441
119769008
65888722
564286476
787755754
941666898
306489975
405665880
1023585726
769152144
112070710
341527957
976928045
853255110
788144949
7924800
542952966
325236980
81930309
127052530
548609259
119031070
1068212765
531947942
327711552
476666707
92826805
432603343
877441658
379611428
737247432
726404090
817692238
196503112
802769874
790888739
130606838
438089133
141457408
537678904
756199779
249587422
43767227
560677760
288689473
239233641
775664097
173819467
387559351
979502503
715404005
73193241
430228142
474897877
1043577175
525311677
974876959
331571756
375139167
531960113
341697145
698248461
950984192
832218889
825625851
518863657
1070431688
1063498607
294003674
432173992
104539012
734012943
491948378
113050888
213599986
748566738
122272246
128979388
101075178
599092513
124150671
669537221
286452588
311697453
763921663
265195346
967172846
480972668
704162056
226118937
848428466
766180024
574651622
342309648
542284260
452403061
317207105
79576199
1028550935
991731590
548573336
341238267
799863450
891099952
300739216
654872716
510635995
661537918
10717026
243932277
346763165
414736129
441751520
761695183
1029700113
383362723
283598061
665765498
237088344
679103973
454494403
295690767
920883161
879332152
211658116
976673416
335371749
277254506
627228018
420128473
463614012
270200762
843896202
932274937
349419457
154751429
141775322
776633100
980331433
501982769
211394387
306510934
708402627
330003516
703195949
256531825
364770547
707650816
960145099
1981085
785233076
89154638
803897729
593382000
118543223
806077641
814818514
982605663
614509584
141517943
286721366
582837223
12652564
193620777
1013072618
372172488
910666172
27761699
546137668
181187427
74250165
903154375
128302719
103811584
524151898
288528487
333288057
279329446
208850221
754814753
1024103330
783545708
884052602
744345832
416407199
320826494
218846518
50590964
931357058
114714093
253762442
1038332883
412374550
129398209
884661559
665278700
1055372886
297087033
67781551
554573470
726504136
34212369
291964895
989036965
100100988
788518980
538745240
688283278
910954088
310901688
987564089
365811642
458737701
461209190
177795069
553500866
606941743
814273519
482917841
395352953
527172520
241414481
842079729
212837917
473481584
211105259
1011053313
875376035
401432901
642217303
366108682
990809155
899024222
289895252
590999039
280469900
938174185
234207542
983733858
1067413822
907689456
587721937
418545908
660667004
856794377
824257576
852465869
474031957
211546840
748945998
211886558
916892597
213877355
81246184
208356440
755910790
552224941
52799363
542230521
775485655
911831331
1028254896
158380947
200731045
647961699
831225963
808985502
345410339
413888833
665677858
488063212
133686597
561179001
526013890
728376305
468524865
786520161
823356648
385524474
205313834
895820692
846598540
567585323
588610826
184029262
265894151
433308954
463212974
289181237
931751559
722112634
511802685
392286814
673420226
624195132
103504863
82299640
486951740
594815788
464752021
408930147
1057111166
574665982
285176294
440796227
2835977
560366886
554279219
543788134
306436250
1017076860
457962770
636853866
354452577
786158923
44313162
621669042
270064103
225081772
586725561
92783169
820169865
522618190
28176921
895051271
201533201
780368633
856238905
1069414062
429335834
296198695
757588684
950660536
724465594
423614734
420656606
310584390
858138568
813759245
999741474
286121253
297244267
332469030
142332459
789904650
577642414
970922878
171096269
939814749
521222788
651288143
625039635
748521491
497907975
975512231
872162348
347421366
437963608
328425703
1011261627
763401807
939737790
189389167
960174660
940002633
662087690
387503462
1019598339
117442144
992429378
590420465
80902500
606990370
928894588
398651557
748920610
989023294
470424439
42437929
505812165
972811197
845133946
826578218
348968895
939887999
1069841890
256837253
85529859
667255836
713610924
302738042
407303875
704226347
102951106
138525773
1048238690
335280939
169053668
890400222
374425
823086180
485148995
158991581
211218274
715355470
997862726
222369066
153650079
56972887
183785318
66806652
637387952
106949591
698921238
830043767
295767909
238552360
190086221
701379857
367984119
682548955
895707247
1035637959
884989990
828094653
898469654
839398487
924002632
276725972
17310640
225403528
726500872
707785475
621361044
255964600
249419508
669315584
245076832
1015741060
11695580
396919858
666780939
1005728676
938807642
546564618
847653929
266406735
678169359
954961277
732366917
520395534
1018348533
550291921
2704944
783347723
905615735
59683345
792299842
828716460
301323952
333904266
629783806
255139207
56091487
876335559
612040491
704950442
584615280
724669190
329143180
228507417
750095624
676658171
78027934
497358759
119206758
733788554
895893
739599256
530244995
507649668
663000533
1052702419
202110866
538801572
263381304
839882170
1023047034
859547026
903909023
521499373
173216836
511145682
131618044
858009289
277655937
28946498
107928576
860471404
515024325
306666029
708655862
221615134
849288444
973360729
506346343
882017594
988937445
907701450
257071756
99708267
169133247
719901120
99483545
422283886
188366936
595860236
1069942168
964709214
112842408
666012821
914525977
464637187
842868048
1035166512
565872461
392994554
646444263
437993912
610590898
971314356
955588645
180247147
800565405
3156836
623183802
134422718
209212059
280937656
384292583
236004830
474902082
839394917
972023774
717330208
1061755358
596736744
759869628
392127204
693902828
621037472
144118330
473304580
177623017
704673897
39909148
805319624
690488566
167418054
801905299
15893686
576689863
704057264
376002819
703297098
291150064
737594195
536012417
848035956
962718129
677424142
425181462
483061934
360647884
66911467
945953014
138355783
171188379
597981647
924659949
243246827
739861496
773751180
870560220
767004320
714742543
192921187
1033971187
195775201
93046528
1012113057
327792578
553089050
185876292
588393134
432960461
308272057
532468290
278837947
1009297886
224384822
78250269
543873500
427381382
604003718
2886717
58959704
434029566
252716923
232218519
318287762
255439498
935792295
524602870
933348304
453105148
762123711
738478936
654072752
934784513
336643464
994012356
961762413
836951597
837279020
700674243
470448715
90055436
830816961
344386176
566776075
989977555
908164342
1056684808
497794131
1056367465
10524421
902984365
174832690
8109594
952068740
141316953
527414645
749637556
154254412
549810885
1067232436
552110538
1022022894
325592296
921321683
346558370
71232106
253855554
1057486364
369420357
767993253
760364752
55803221
356242086
22254329
988090843
550263778
444200699
605595258
769070276
599645903
792357934
554697892
1057523276
1016043214
957730168
789378518
892146492
789876768
493425512
402402731
112824550
509284229
464660757
815398948
1007942904
412166005
42297207
211851585
262649796
305555415
356798694
454233176
727694773
583103442
409410331
506058971
306308796
747139955
876783801
445880393
557573347
324807235
809819676
1047171531
538868021
702023818
524470017
577651955
922296819
11352076
401776655
801044982
674308485
719393674
638535288
841692463
909198536
462225401
505366844
138937692
1055358932
118653834
248681203
239707997
912022931
1011717798
61088244
584776739
207406767
91143959
658822008
268220273
1001822596
436498087
797655140
147134743
1014879752
913470483
870605528
640143296
879304452
42814066
873554017
891166866
114743254
290896432
351097465
1018064750
939593848
326826015
821593689
856652286
117871822
764564712
842827121
786337221
1056161000
1024447584
1052747664
193392430
803435782
881634744
906518912
1070135606
824711798
358007843
628221402
219742187
766987767
460521590
355154804
766609238
492139909
738640910
189717294
948411535
347235119
505617080
284320209
204353626
291432250
271287291
554105813
921816300
36255418
681809254
608304502
785875511
569043187
79750900
916114542
899013041
381709010
674929189
255082900
628470787
666282692
148723576
689135660
1027381989
98495880
455860224
649103075
400949952
432920593
448175050
168157811
1019924888
867812740
261096535
859158174
394024483
524343947
635054088
506322939
243206949
541740722
671104656
420582894
1024234598
933565512
516030657
268935571
401684574
446261958
413498006
481591004
425431207
180732909
188826055
239495576
432329903
608925768
574956098
699545250
520137746
421405726
355845834
234762892
191968799
962830760
344758480
847628978
938863971
931126044
104504470
54571448
657998626
924767596
272788228
252052804
588304824
700861376
304869034
909714536
307810228
694505397
1058682448
724865601
209174116
651287833
2321121
843772320
631780646
584769734
335970780
647474487
556012106
978354127
504981762
544562649
707641
460302836
517538581
74549520
602603110
365198973
528456385
1134911
60439379
950705446
714995073
936380050
242753153
234239440
574746006
774600740
686989662
678529665
632118927
569560263
298060520
624555408
93074967
980216223
1038990387
433839305
528249893
915729330
579526697
153905420
220977263
794977979
492030709
352743288
10930174
46111533
660884120
43230848
459800425
611884053
552438489
138214154
956984090
492580524
931767931
466426378
197271309
1026783050
475541806
514914937
269885266
658642707
647723904
266825574
396558098
975784476
895850615
294636492
533257613
906689808
61130994
207612837
739784216
416820450
769228519
931977141
230157624
212037892
14434718
78629418
644528739
109304814
547267955
503399721
397762144
621526542
1030239610
993414117
16115600
844586788
987733484
1068240948
599572904
650014440
413079253
332761792
641203831
313018239
662926550
304020634
882397373
33492178
427447806
591210245
488326468
760261185
761691688
732051063
674229452
420428901
882202208
69085239
89594965
830337505
891814340
886738751
452608580
463744366
141975088
789733839
968007739
408903721
347322322
926975342
658296028
194718428
299381016
562649147
535273872
827501748
347808468
176648466
268114312
573393598
948244488
787713519
403032635
870754722
402750631
184373973
466993443
8445014
901362512
24202985
33876926
116872362
209265654
293900227
546264073
928876884
937931855
149367393
596604511
633327599
730505
1017207516
383170524
851743712
634162341
1067261503
882117719
380955162
924214767
965672280
716216646
1044465254
805385172
667547298
1070852861
713191143
611924382
180566429
417909972
548426422
168190792
623969567
92503066
9944858
533070807
981888610
529106146
829730818
481650211
1021539048
432994607
429722254
529905736
730971527
758117288
1009093037
214015850
180780199
405144709
1066223094
225994438
496166389
777711915
472589579
428994685
723430304
783178493
809466598
253660434
803225275
821228050
294713285
954538851
1031367402
588103077
1854535
258419494
184290394
242576818
388688231
601844576
854624783
709181782
351536528
464103160
915203523
400390933
938164269
926848114
891308868
627587816
506645398
498488223
475181551
922471359
907407095
1056611124
756580112
410803186
1073553755
783059802
483073636
300271353
56100195
2122767
722207712
28804905
581434528
766428650
158363519
936299297
183348360
261642281
523437897
403432480
141432297
342231445
201690744
622647162
775712139
321696145
820626520
450095501
502291560
53861655
1018170324
930761571
940124804
994090416
339100929
69126948
992185184
955802760
849527981
843229269
950842163
816613722
462684340
235581482
454404455
428768269
23983598
217573618
102027432
434446296
436984235
232233563
147490593
38916819
574493117
113341151
200430702
185615315
609094409
942975063
432771896
813755736
801708802
815555454
288440579
363956348
917054364
508973846
920435881
965681039
496707831
624921979
233460792
169955854
52111735
379379343
411542630
612511530
848197751
785826327
969217453
711381310
494776888
351227773
427130690
560571803
153813195
821760594
70788510
241354306
1046724891
569256397
589784861
945283547
796492815
250463427
807207832
448421045
450763007
314294155
505812420
414750297
988948280
79987809
232689990
575353058
91314141
135356333
421703224
720228400
531344628
241695398
800317414
584682979
840008207
271606121
890014738
973773661
1003490826
861010260
944655683
281052950
922559427
604857480
338811335
101101915
60099237
62561887
537444061
1051375681
710262258
124736968
286847461
214967759
1018040128
1018425069
420000631
122160316
989692256
1050997810
343802771
501932130
399804988
308315568
1046953946
170703165
199950147
226091156
281978030
617442159
806799123
617134383
481097725
111475532
326940546
82311443
816775046
1065286212
1010549461
197791668
179301255
561314067
934292983
853797291
369937484
733025670
686800342
824383741
399814335
590569295
905515459
173606519
453776943
709526751
9084124
775670625
79015022
426767850
761426208
1005243105
1007399000
665588304
113715507
606672490
89820879
234944808
6431493
856391512
31056415
26560953
1061394068
760987253
427750393
129393733
489561445
320223363
469300172
468510946
82275908
742626090
981062319
626629526
33053716
27928191
918597345
52061718
260176993
358506190
880599272
37965776
672349650
847669669
889068742
373242672
201309889
601008573
1071214922
195734872
261227887
608530882
155798469
429437920
444888170
739687207
696679538
536096030
852783234
507644710
60379514
1059788895
975018147
871023843
548771123
606490455
571283513
933414142
745616323
560068992
53910225
416177844
319899154
768846944
382979032
778593574
95698340
190132142
523317405
269641261
132399588
788499846
993010240
773879474
687501
1065825919
756742415
334728381
321262173
295535595
754972027
1057702055
275876177
720220630
908220461
912540512
78727712
49550622
1038038430
939976445
297776324
249610778
48871081
1041186148
488482251
364208529
346400848
392910823
610463147
914980710
710031831
21782188
216211962
684395516
176611858
687665089
113890006
569094712
907786584
300749081
443633354
144982939
1054556642
660864808
532530682
862918250
895569681
220809812
403819616
997926407
368987725
356468075
328311710
89526269
1025503812
1008801802
451215304
474849415
35554977
817316340
566454147
390301174
766783790
991576047
923043063
145475628
250385466
441516920
587026390
288533395
777751806
345826410
873670767
387059412
164635203
391068657
803662654
773136115
697418529
175349464
796637511
201608855
1032327052
305361453
463769061
23426206
329953809
745411916
1019500587
1027889759
48893868
791937072
670830473
19804532
58451374
1012341857
751784247
757183418
665544154
169976232
836712720
484058833
895738517
666985416
484395811
980222344
855816551
463441780
345684424
937685073
363544946
766179356
448116736
944229911
480444664
482387964
780075104
940658382
281525260
38540087
587651285
185186690
3697301
710537396
721800715
956448505
23328062
145973779
1011943142
333929201
958485299
308132245
472970375
289422226
795068592
322954211
301589188
673221345
362076658
272005233
43185263
992719586
547793977
690480876
803587596
184985373
610855192
1020621631
1027336680
1070667156
889124522
47948718
841811308
277603296
965175420
141424604
336209763
105187726
446422912
526696286
306937415
409271276
61637402
926949641
908116580
1022965899
657253121
587252193
487348169
254180644
246281791
120120223
570634087
459578103
824989736
732188485
585733612
821580610
977383913
274343166
587590855
879868086
423556720
983972976
226792141
5779984
308465997
68775013
60696364
430071156
330726155
410716364
207681676
828047635
21137658
211142232
142378364
611848813
325598636
1401343
352770517
868566768
97222736
857522621
391643948
39297240
148296105
654046977
521673705
1013715444
159405463
116223754
930445382
796956857
457394100
240160205
444266401
476410476
760157773
828784466
587640740
215773338
369202782
563987933
751207449
306479409
388226778
110823588
108868063
294789778
141545738
741607139
208434410
448733037
287835941
477063566
263647134
614484655
702318332
924389388
117630741
952598532
759308228
589589108
76550239
907584094
147125491
737283029
693638364
20960348
443482352
362384680
416404286
308962870
355084415
264991858
916632096
252801303
415716516
493463306
153866813
429491046
315619848
797859365
696326891
905775278
210487781
877708262
330783537
611898947
509592981
569682173
578082890
490661710
651998354
415736612
151167942
462401542
13514442
662290776
813499948
94782325
110906265
22525799
77376595
486798285
981013259
989891746
277933086
188316865
115896930
453898753
224825005
174426962
16924878
658302057
330007455
704169808
9789761
609011846
304554925
967195353
767754160
380270696
413213222
844754121
767909090
225599091
1003701834
104660899
163207443
365154139
935693859
350515750
715371266
383464464
560021865
569606142
649424874
145035212
88504937
882368406
889999336
716739072
1013236785
347679963
1025741602
625567982
952420944
610823492
571431396
1046461110
505765254
189834917
618451371
731535939
527579708
986722697
46230027
377242308
985039840
638520525
981327960
594659742
75042009
407623051
324214984
38229202
221357653
178295570
134869083
617402499
965887954
972277171
245690462
957659932
450058154
570734537
571867567
745069854
281259696
358502426
311561766
597359856
620101115
890875639
383215212
494744054
882238040
637596397
727615499
455783941
181388685
444815427
377682320
932347419
711820663
786865787
626542213
345858346
83851741
673957932
27851646
212621703
9985762
276621147
758228500
334228264
92309336
353865592
771312188
576361726
571500721
771619042
795154799
490350006
994473451
631513462
862838197
817674461
714673926
803895397
616092759
136360745
382066620
960119122
599090665
222434545
260546159
148925132
722687866
146720640
746860671
296678234
700466413
254569409
922089282
608284308
1049655441
77532484
397784563
413192212
191455368
686768451
499218364
719931702
301194908
688413883
445385674
1061836226
188997949
701145011
321374104
829758830
140301990
1042655983
502591389
179913436
931311822
885805632
255691118
542497810
776944958
666696564
540078758
32517671
967522832
482307887
915851142
771218680
849654611
24636515
670283175
787377345
297720229
139953600
426227874
135142575
889047725
60722640
546459
683256564
198888468
147342274
1057602158
1054041700
467905421
799945906
317225961
380258959
78612015
1015342956
599479038
756606300
1051500700
984761769
605674512
573093384
485565029
318524478
939712405
514804966
892665900
733933425
483411859
734466650
51029011
1060055665
235119344
593569868
894341450
399610614
500238477
974466054
272573825
774684694
440452260
326892107
33809283
735852301
873282923
732542883
918063161
315746015
785598873
696970658
719935400
353873009
1021510560
257252123
353974764
174403410
162917518
458687295
684729966
1054054153
71288632
107609338
10899082
568027398
339280821
907170341
164831609
639546483
19457417
600965801
378629928
751605310
909587959
372109330
589402569
669522932
1070039428
361980416
149883001
64556411
1073555961
316377439
542173431
378982580
204273959
565739734
20764732
447154114
771967963
178123460
716413582
335898162
318749227
601194567
1046081154
921675968
586888297
546342616
251209967
28395116
349952868
576240280
130482169
308827133
957006046
988988078
772372256
498756966
880512690
636227988
44824130
1049458804
744925321
521932230
810384596
69292828
377826848
555329013
985314507
627845585
590853705
275212715
731203303
700077528
133749745
151386992
375075960
658539108
2191578
157146187
1000972944
49443036
1069728953
154578541
395182205
369549183
151446153
114707386
119072519
686485073
598633835
123766379
691940896
924796193
830879917
1002282495
587262126
305546886
942533767
212712650
564971583
694395158
971760135
1070528095
181631480
271382010
854306880
250448731
113287672
284046411
560282078
442568387
896021117
128022793
890988869
864969105
1037689648
94513101
556939028
201958748
101335243
1059019070
345555548
128119993
555196219
766298226
584145568
296940027
608135156
900141952
53427032
726806673
25633422
247719086
355796336
1026210462
625788654
326200952
593773564
434766622
247742594
250819903
261718483
396500812
734829097
637466288
802712709
499623608
442778632
674803275
49930378
321467451
646328975
223304285
950685784
2044920
911796116
703973818
345415973
316152417
1017551114
1038199553
634563468
821805292
69975110
1030489185
643968157
2427926
617807040
512161466
377945584
703507312
141201265
374141359
160368947
989243185
1070606929
946465920
118777722
127981086
985959375
494543333
240267901
301880414
33279957
286499442
9317784
11229321
484989036
637769404
752083132
1013031019
677394813
357802818
499253735
301063365
149147472
558269734
789469657
325887007
838052462
912995816
445583416
480628261
361522530
425272596
728950668
539002383
563334923
975832375
704264588
156913628
278282489
702337005
965531820
226761393
667232819
746539898
945336379
165200187
637573928
86366363
698812675
1009033009
30686116
194713419
257432104
952697436
108163376
960427361
22403654
98869578
121061920
731451828
897669487
680406753
1054109507
315851351
497445950
11980474
1011324465
330605984
378143807
185502778
295735119
372524952
156866958
232136893
159190594
1067135964
649488650
298068807
371076489
397123533
578732007
190168702
554478305
434686312
1028376719
1044805083
508907586
775988045
41373471
425196341
781679928
332328941
1055215158
264858465
640294004
1060818472
932716562
426426850
951315869
705757014
715726983
559570347
312329157
31151230
593863298
1016849516
466038693
938398300
412210539
365362618
843775164
525268070
320269246
1052814381
675858464
417174220
192590598
478736884
948722612
969999256
436243815
764879449
712005808
960131185
614973984
940882267
287919523
842973166
825112893
67421181
436269340
553550974
140175826
197506772
380283060
71458438
456962106
804755383
355469974
434426425
780041444
63708262
425235126
1039731403
1008600944
829808715
315660607
146221489
417403814
265641442
479767347
944436668
75720849
698405751
1042860002
1031836983
282640490
503104295
110803516
1025274096
700903590
1057423736
270236134
573451639
427225398
374675215
523341796
743992906
537872515
611152992
670385599
453424661
309536418
820313524
417911411
963524065
845003492
192934692
686948334
1061509427
37253045
337873502
863667485
234792383
299021505
216129816
340271044
225223416
952131532
423837631
157774927
486827860
170760293
134245819
802335708
157908024
366589684
413850390
716800641
796873500
149042537
695724240
508488695
934909487
499956892
672172413
798238685
631586756
683926398
849440309
722038490
13032560
727576814
519820040
731281915
786543715
403418348
590320982
415365435
442896421
367952085
531622903
769388464
548713782
988835514
340340568
1044134052
515008146
1047831938
994458174
321477186
540752349
402139314
477097105
1038731939
76857705
418918195
381112722
464300959
978402656
945657943
896042594
350302296
411326061
646602038
323138595
26825154
1025305599
10368016
159856614
874674835
974869586
621664571
401339873
422832870
637712640
319782570
420753437
459226984
1005888097
790113597
62911950
54184072
675484578
15959078
864682321
679162248
570045210
246092960
536498976
46087135
230557612
560920329
643147331
107010897
83938135
957286117
228124486
935639102
206411254
46023406
1016603974
1008179132
1060732866
518695522
1052609211
787459829
577901597
736191029
608036475
437429485
732639333
480484164
777752958
168414047
416930886
637269990
192058785
856425853
452949261
30580913
30357107
621204570
759900690
389142333
455989111
239649668
615158744
226348724
1067559407
105363908
494969877
431731173
53151730
1034110846
62061741
753920185
93927568
954636540
220635451
945599374
355971923
850629423
641148866
848670809
49129720
709126533
738990099
468335024
424818079
987111090
853458531
888403385
259979765
982110787
339657024
133109036
135635778
950034429
320863060
306465635
868555567
338468794
893216579
838403609
922501924
910804036
368417305
640374469
51639258
748813943
233077097
418789808
829583204
646485170
64262902
760664781
540813348
668254770
538812700
675166399
126951094
771205875
1037846795
346441287
384615126
873776416
1020756355
20393405
890222793
138045303
673021918
979946901
131152753
142266414
512223435
1056427020
635198434
487318857
670135539
441945153
646337975
950494002
87419514
190006428
571310798
1014197553
24635475
792190082
561364518
405210395
682021838
604966622
306473647
528000587
413154213
726674053
929916775
119997486
499425708
769407304
93487135
846378240
880222916
347248948
595754232
490032534
1016165970
713624976
91782297
692937930
91908314
457754271
1004794864
1068044861
383288255
1066695674
711843895
327276098
186064073
887107961
869114681
64352474
1043084628
921084677
859965037
1047881210
827369382
455472663
756180698
133129702
173000314
681820493
684262831
178320665
737160250
139310656
1021970488
298590167
1073110119
742587030
382732932
912322430
732841605
552844450
897367904
925262171
452612572
506883698
451361944
457023577
756251353
954673618
896733399
962900483
366552487
199012711
48536141
995217661
186194647
78109737
521663009
490929992
1009773012
710496083
1012464430
417458874
663029068
817153762
859471604
626284017
69160294
63555170
1049278803
175515576
861580934
27849344
794433995
1065801154
265358578
673142915
575823207
167815650
1046340533
957084333
578032439
976923989
606334820
911347978
944958366
170849563
208040578
253864222
760277989
984391867
582069405
962515520
597955721
33372157
554663084
1004146406
940595714
879908619
574297308
787619490
469944777
300119260
29337034
993853172
432066079
851756466
19579513
577186868
772278572
928923794
976683825
733536681
722775025
982997521
544851308
958991188
831726780
63780555
64468363
406712965
614068844
657545162
189124117
906330931
669119386
346590666
584980395
50051178
912326917
623283018
344064076
703990616
681427579
851824433
232712120
357034676
416414369
732344858
98014319
109183236
389490761
359504944
69613846
468996530
1010082614
316188398
317267525
548763538
214302528
791934602
1026599410
312334248
1013303673
591177446
838436349
592146545
775304195
704770969
109645764
98681740
536482670
785366098
850683694
658172531
98125878
922296678
922573911
955246739
508626254
933652679
564510786
56726195
62589719
795803620
743511433
269903224
727341192
943991735
673013018
366536919
798715451
813283940
690024835
155870294
1056046013
94104640
1022187635
937529597
479279474
1001554969
803984706
99602065
1023065794
367197057
236685908
285885532
653086843
794897191
668024423
141661709
427657405
483405816
950058031
579644944
231024293
488349248
297218306
932759989
1069744915
1062670677
659156525
382240038
909485696
384951099
230465055
944475303
469727658
42478603
465181857
657079978
684433180
672654031
515745937
119554601
639672380
188891878
885473375
20220090
612877838
904864458
1037307851
306153934
658164532
970903118
923930840
525047045
600556360
743505113
41752492
700895161
950110122
978571259
128254356
21778578
407330312
653962122
227026977
421347600
765803600
26476994
813831447
926072998
180929293
384226227
1035983327
238761196
399540667
355498445
725628082
566845294
635025900
521196204
558410103
197601184
866678723
688307201
757802555
50388636
12390086
115636469
571875983
874911022
873831917
278922582
598338143
196573509
95149357
502566809
295036692
591272632
291103652
337229500
986207049
545618811
2876673
717557194
724489295
660699812
172455197
520932355
17224820
621361851
412503021
445138967
929300586
166162647
743239176
41747540
579251028
497365991
211110787
859542625
863719326
767038633
637681099
983326672
792396804
232058946
263011685
39459336
145057280
300193643
670299474
708309677
796675472
769101426
173084836
602453048
389598201
410959116
806267189
1046322401
215947478
441696680
921131927
820154613
204051905
568052486
589718241
937817569
345976113
430594299
507938570
799410524
80317229
562175731
1036034895
295746347
234650030
613075398
62377136
503044929
472327467
695757166
970197811
128758853
705176062
1044838666
642829603
84402863
383653318
1036148044
852555292
180397772
309189462
1063821225
702024267
241218281
918944594
1021124010
883064676
767501912
690262961
621279146
937848266
714694805
421524860
35438923
692260945
1062297060
183621691
901395924
710088987
858431135
928250585
748822240
207144083
1063171127
624975520
1013505774
345875286
162066305
237544416
340573188
578920221
467235111
572652160
973280801
626997035
193579561
463298288
1032981886
406029455
550098285
1064931332
768434870
499662094
538080833
55342034
841956764
25661044
943253904
465134376
897720421
1033021580
484066967
279463580
295705395
771030670
94269717
111269669
188418494
576222244
569742365
428837000
276639004
945903196
1052643767
888811803
683295785
453009408
148001022
626481015
317731718
402972882
697050143
523135596
481442622
464685586
988587873
377621560
605743100
922184826
484937663
57646940
988347146
878824727
1024022153
967847756
248273708
1033182749
1046242513
452495878
357645542
918737415
876658898
648039498
188486664
11503716
666569249
114136535
411543352
730638228
1012636152
619756142
204720691
219421107
559880641
1067292329
704550876
321574912
550851655
420729364
727467654
349965843
703611758
998583632
1038545130
323015980
69461278
749500379
454884166
90701915
688740636
984252811
526541966
540393451
543942900
524336215
382541827
742432472
970781025
762209754
665447556
779318178
924729536
170271047
681283373
174949330
98946877
969670881
690463187
205205280
197866277
192246230
1065662858
636552303
119180966
952656224
88834256
825045784
1073691847
464668875
396509373
810226465
988799677
515246890
5394400
448098626
157271664
603489114
961078653
837790594
622750973
117068388
922577593
260502834
385545531
889790190
855141198
570274658
298177668
771859983
401636169
505199890
39821302
1067782091
765968754
420371219
643962880
487297393
616640751
284039733
580829468
27864159
836094560
503423979
603818277
375266310
771578844
414580539
637026896
314730732
581841610
814195858
339923662
1002118655
71556120
230193993
693565067
635605545
895169561
86063245
527660410
617496313
565300164
792084310
170416842
810489468
1024770744
281102003
1038061538
67713872
896685512
309756519
142314525
595238387
373676945
766857835
76214788
893327595
364193768
82434541
385371849
15872756
436166470
40164396
327132284
642816815
459874584
212609941
383697872
676980555
967263551
510916084
228139978
49981931
794548156
984236318
169662661
215742959
625417047
1057503591
14105978
465829154
896029827
510971296
801556544
823335959
856204554
207865699
820472678
