1046322763
655144190
915784423
28130432
499439694
608858523
474237813
66752042
245776218
335786614
194904515
954909603
79679395
711000664
1071516250
397558901
1046654076
620652751
506840387
518195740
242787524
309357295
942689062
208874764
502852644
874107928
930125794
661446269
936086411
520028290
928996461
438587520
982943510
352271947
625565841
59355472
761156862
541939628
99667079
869920457
689457119
52918437
1072557166
249872448
665405217
1050942604
394435370
254742265
627839597
683340283
27740529
176607458
208323172
200722677
203672695
185010629
1059569367
289012199
1058114694
818276743
7568787
182339708
811731975
162248316
876201198
198963894
472324576
702661020
336840005
434147396
636835077
178051150
338093952
284914235
142290118
1065256984
824227294
586702424
653608853
624727479
474815014
607279243
862924465
311489774
1011230061
17347757
111349476
47324116
751742643
649312896
488876273
612900523
448177968
165481343
730077116
32110089
1059875737
67375087
865948826
367218195
671058193
100426980
858768919
360069957
505373945
681656994
592217938
121905478
219592379
266610945
908309712
450214103
836270010
399342624
304036040
754694941
962733201
989964766
892637032
526230956
897979739
50011198
843157016
665998613
1032252400
537356536
257683331
641105790
1004329620
607456433
416253879
865796360
848037652
741439630
706947357
575433224
782989474
777434797
367407887
670275175
205047688
426411603
532260313
938986800
197029760
1034743936
858998190
646260839
625353543
697852059
1031800032
590977616
505115634
320733923
398533868
819019504
271044859
672051491
142345388
953765347
358782086
622406195
709312641
46591065
497939935
526307849
184434036
246505441
96989919
123265072
521746337
230504053
575103420
666771883
276130971
831499303
228260681
572426899
505512804
214378970
227884028
9248434
509917132
921376961
606203895
659520511
598139977
498544853
126927111
658878336
1498071
524905101
351946695
274704150
354967376
633055824
351056316
305495247
45927274
1019863229
703744783
964948334
877857598
734671342
996158709
653842119
233514312
929743739
1029580116
165031158
629826554
818823622
110530093
763950962
398141863
1056787210
228053745
347733791
289008638
511864522
997283865
478708509
869608514
509895585
459667746
564335734
178317477
213866477
762881968
616826140
745976805
784114156
145273254
673640253
296976703
354080428
118952327
526704950
184533858
422633662
394049175
465356750
495876957
7280325
497397358
415688231
46051793
926963423
252893495
535284304
74475860
1016435283
735849946
299552679
519910643
221997293
672851015
211441293
605172454
11270557
990747157
373369180
553221267
468372475
244806382
453471708
1010911234
737666526
815813389
868049214
119251868
881661405
544371518
696013095
805663340
860451175
488043696
1071226282
219828413
975217015
128352453
343584496
646099874
208328276
788418170
627755308
519771568
445487682
707894556
564954780
676973270
527553897
1050683550
971497896
409677672
439094982
422779916
1008428099
258788089
844936568
88263472
40372849
417961845
829234987
614169121
503365807
878433736
244230901
707127611
712641056
940928233
165369642
987783992
185181048
3356546
233442110
314102567
443008228
596339985
313099023
812343735
189868088
940055288
899825573
891144020
910603875
747635587
112316361
203358446
538824955
52262073
755838673
715754900
458705162
208219466
917132378
40517082
329191456
470663649
442912745
763807277
80326747
655512840
229100209
85715802
747316851
814223305
1022589212
289040420
648036177
207892437
887445735
192940980
828194317
787676785
5313179
775023699
143493223
201596135
173537335
253464715
461249120
670677957
161403537
470305671
134093938
160128928
115186439
64357303
805281589
952639809
742681773
445389261
947364041
61438613
985248343
313440575
1058675738
1005277126
209298651
700366424
102682104
286115342
413649991
938339130
404131411
415738700
660184248
361596781
17344201
886894999
118241823
794371390
285586288
497467791
858864014
594857115
257457318
698514987
175898951
386806908
675537967
631459944
849379802
163596695
507119682
522941660
99656680
120422186
717925893
553401971
1001129221
816408660
29804506
798680362
173820830
220195540
726614136
289308607
1041165874
607946759
149978042
17560016
616006148
841396256
426413606
856046312
80417932
762766928
1058020700
753408812
812808964
392689153
323995385
766755015
784983119
524779507
365348842
955548864
198429266
792123962
754534029
80530130
376144218
381864724
810159948
750402066
170248676
605160912
233828333
213290147
845218730
217821479
1015889605
133789740
502013533
4657351
640952977
165747376
156896204
441643440
641407539
605021768
627248929
853717226
891516240
247190827
514584540
833827771
323181646
362495119
887098801
476528117
22385274
749579050
248621216
313264831
516539904
36436954
688891002
888511512
962401563
350199668
143444634
858590586
396911638
1040951557
1029660854
166455705
1032811389
159622979
619584534
558667878
831856102
719776368
594436325
250370220
952824026
654125771
642669660
793736206
691732923
373332341
473283186
362557095
321896836
216766453
481270232
913792690
703201678
958218740
305361557
933476726
759873055
1064334667
102404721
78370595
117784293
645587299
315129091
229803507
261776209
138526440
891334224
1037261926
454447079
515942362
372533280
618037315
981945106
866768568
1013071812
538343955
710666685
232593283
296515637
359609515
54970267
1016107764
31524754
698431402
866044731
809044806
635271345
445829556
554036979
147440830
859061485
478959315
708814130
953816745
215439079
622098666
505587127
541323639
664954308
581461410
88556911
819804642
754531986
647929298
59125393
718702940
853991585
478998442
799743733
744046371
1029952932
1005285479
677091495
347933592
316452118
712160185
134418288
739545373
263002469
915309360
596319232
937637804
57531463
427505754
136509222
551063027
495224938
415414728
227534899
823556938
451554816
691527548
198650551
139655286
823349915
482378989
360168722
214752191
693881525
101509942
894945824
103407994
1040095663
244540598
252198052
352667674
510341969
701663834
605178289
370944170
546929590
185681018
188946560
540938882
940752273
336062772
259511914
78284146
663918681
404591805
279015074
428203610
450649556
872650985
689880524
955258502
256692695
849573524
474973106
651216174
559978408
451463042
977535490
806553593
457580793
254631264
241505723
766528246
721885739
630177344
679156409
864360762
936049664
312522917
299850534
746064516
878845442
407457628
616969847
267798005
8059825
502066445
1025915112
833157243
224370012
151523894
697564232
131543257
768688136
716208452
995383975
771468544
29497265
298603104
877955811
54034854
960512907
141021697
824070390
465898610
688990924
555886384
1046638238
1014654663
683879231
896566855
449173660
155088977
918592279
925673732
198506663
1007761902
420400417
474141765
885329389
705448717
250710519
515369291
980046018
534155358
301355317
574969521
552254080
894439612
614464881
738546571
602597520
1042620534
1041396347
305807802
64604303
377877729
480638778
469690084
493961137
390202458
1065736999
27394124
120496183
279394128
764058127
775443459
216662959
936544436
54985583
745998554
883207369
672232597
143303759
787942503
1049024306
812636278
555640710
286910132
833688756
1018975145
726633059
1039092643
868829367
348786906
923904971
920290468
726915088
654587822
749871986
747568149
936031543
63690213
863601450
222174392
286258833
223956666
708917943
127901220
996132878
689578952
1001842708
1050697437
234166807
241856254
595626559
110098986
80261171
634724057
182510598
420759801
819952780
449949452
273948278
663736294
579823665
778513666
596333873
215800881
1052982047
265242519
24960935
279276207
948495378
1029743715
564423597
653780728
71859633
296735207
45532687
687160381
492862351
57895594
25842321
140359254
489195777
321988179
882654619
368403730
456984756
883738887
184106809
156027342
734943099
541057884
414082120
796073327
675280255
937737694
765918530
550376492
320987874
883891331
666683452
248017214
826263822
612252902
285867928
481754259
1011753130
717083308
52923993
292154205
828515948
959873999
530824150
327303052
1072937283
589291889
866104952
957338312
915501379
677245132
854267878
934340790
607209235
466797116
312345980
758253160
515640664
596236763
489435372
451438634
569791685
304717466
1006994634
72238225
725355753
510725626
127677944
1056430386
923169678
1071250755
275889904
808906573
607566931
953012843
738887430
302247818
786728403
969785472
25552786
55863166
573384108
526620266
704677874
152682506
243640304
144930505
542163771
775810949
856043854
56917834
483718068
1062802768
647150483
364298300
201549400
757314848
760783656
250747902
144352036
185265189
173065439
241366750
183751364
417214118
999899307
966082760
894893329
10529890
606260266
353127039
554886154
453474035
312529584
438559744
713840973
827969099
838529878
22812366
31845674
51985694
860015523
110845528
767415071
322632962
88282516
732071810
794036332
731286438
370386526
454810887
831087339
434384319
444746279
556305684
122353738
278111786
532712975
209838867
265433436
1040019673
789294173
105616465
751927085
107116950
529124358
356623144
31778904
996878155
87490835
248228231
99496316
645296885
881685194
606341986
769061336
251094883
891921753
528648456
932735740
399110383
389482094
1004803315
263302849
1036123469
989683999
10383505
202717435
1013913209
445668024
324432378
648773008
279702807
394390636
477565366
554238292
553240015
488039119
986380050
915949638
645673314
763243663
933521368
239905191
915130096
432631024
975603552
750448410
1059993561
568760542
233639003
879993764
931085234
248737254
528383910
964387925
228921736
171937789
193002263
712498651
689879714
40049068
939096888
866784351
68678421
451368610
57351099
470756915
884342289
246041308
850251157
142972469
84904126
261126655
798246504
935968740
1007455330
501446951
833314821
178980128
424187374
1063595039
302916358
348771341
761415677
345364082
690024899
231773953
808345766
557479679
321855905
80417947
118988095
700902678
821000109
878366942
404721919
568732412
651430497
717284560
371011228
317120046
349359988
611504622
819711069
759650132
672772775
915640037
433434814
969768019
848436046
472277139
444285206
186215022
602075628
461237633
50478593
517506628
1017626610
269149754
244391354
953768057
303296810
598945081
320028945
956757980
292569611
666365106
289489014
132878726
217094328
1012496015
360733201
1000220776
79763124
632601998
455915742
200062001
688068290
287565920
969853340
173599892
110679021
1013036061
34098933
447967939
169273420
961333424
1051520827
883365617
784397806
684805225
381490262
1060212942
1008978874
864023217
759750299
1011137171
1006151403
49076800
868936348
543926842
500765619
749013070
884506351
153281302
759964537
908757764
905005847
76572379
124852952
1046775168
982170606
247772133
104411260
1048268484
192853834
242495287
481172280
713913514
1066557040
906479610
861369222
392673918
23312900
749606134
477640844
818301453
196809908
1009515825
966792768
1022122504
467524721
402951486
1004907526
570422356
106848507
997009215
336530207
223717687
944352932
863694158
260610329
143092386
927092274
586273835
466702178
801553504
218284509
44050621
890533528
863337661
990849320
903023770
472611406
1004632979
165662949
235405083
428182723
381152189
869804506
267694378
201682556
367061082
553051631
1033850631
922326030
73962267
366403916
160859926
167965077
793685483
272080732
475277406
443423972
226473747
747129647
885761988
730824358
1061937958
485796895
973733275
941148229
618625057
52947327
929946618
503380569
302303458
50502515
80299829
237563041
575542543
644732355
117775341
64077512
716889806
158942769
694421669
484696746
586831232
656456022
324961235
429064362
814117759
64860037
720996113
944227416
227442777
49084230
590718710
701853267
367514382
209371737
468583308
666055524
602651883
980727441
496038408
622685300
356551557
782057102
96753284
988630980
489484074
571724786
422248773
544286001
594345193
737069649
65713578
175836023
569408383
977791710
466737205
461910423
709695087
1023544085
130391511
339725941
472756394
238843408
751329925
917836161
1041698538
53570128
887779803
550387090
288872559
564147658
778860115
170643601
928883454
988946318
703811120
757586808
418637336
555530232
887566027
136237770
9361960
601368503
82865495
475810391
910083435
990017539
689812110
172235616
352564604
333286891
71421671
704119990
902548188
782732802
946278945
672581144
270161195
834673540
1000127289
12488907
623545523
562842479
979520851
11534670
950114635
995386893
909034293
691937558
624019334
907530694
141302645
126556715
489916831
551877523
803589608
68201600
740946686
823897154
483334744
716535258
759763693
403358182
830418506
985273096
646580775
286878181
442267535
483178617
161932680
195996220
141768668
308736201
1065471716
296535194
549702616
419963056
486211847
246288980
1038468328
27665750
496436505
629926433
58214800
337083906
270424135
1061429051
565319361
301109921
298494695
699191462
767328615
383863865
1025275178
121570358
895541645
169765437
1039590236
964424321
868051928
19025032
729723410
723118099
882276540
134750466
513754051
449697728
844441470
875602074
278771541
330286174
432572774
278100500
520455658
61118915
663465298
933536938
571763133
728763456
641857217
464478291
283566612
311638503
920468856
37242899
303098005
754747222
1064017015
685844626
728769985
254706730
600473741
231050854
574291348
897928882
723138320
315999583
257840336
579774788
388976072
667545936
293623980
493101704
551372913
666411797
781338780
507072177
295206997
921272044
560742945
492331895
293077634
488956436
827849672
351115426
238612636
1042031967
305098844
1048209818
474435418
456802673
462859163
199894586
57654520
929552161
918445631
620370992
786765632
518203174
655209039
971495232
100595170
969808351
986133967
784602247
641195860
802438645
247844868
901154859
549042485
5776000
708973342
869878149
625226218
848656625
644374632
348116775
964732647
98599402
480386028
569409157
836711230
493294170
868910405
432558614
489638455
564073240
15618254
654542599
404876955
265505585
684327803
211390242
872688527
803515453
333945996
670739113
691631375
887066074
1001005341
668135692
230960675
450000550
827466880
460632417
517402123
322226625
899016762
483979995
1008982210
308450431
917209074
223807867
692822068
258019244
294143818
462698612
877873842
841591906
768606387
926826395
133381521
92430911
960798212
728184204
121946930
449168986
635964982
768340256
14691233
979562192
818172458
644635758
511266114
501969144
443587698
187269692
66715112
331742243
97191151
974053145
355743551
613223134
159567592
1045789013
1054978761
30016561
19556662
72484410
444995917
899083026
275039883
210229019
371012332
308844253
1022170524
44928275
579588100
661416251
757334927
490889908
934826877
371383116
770954847
679356606
956500828
674079410
151458760
929922972
218899354
815233231
547559336
510458992
180675204
644165973
1001036817
163260180
402754181
1002890546
238409716
917245498
765149019
982204599
197239678
1016618489
1024967006
312514621
377352003
964585418
632928961
484507212
309945961
435236064
594323262
632360464
522774099
238746464
114596738
128636002
504419741
261486764
32531154
596678582
1007399662
307554672
412298932
825057630
497664943
1053452949
1073244968
1016992001
945947702
561411435
199775334
1021673739
432516650
794465924
765864517
402924038
198571622
385198616
892416174
26267654
938625467
493638103
626751262
460912032
242509486
993881159
59902359
399845220
429187613
374376561
173084198
796478371
404808452
257414827
726373856
437087865
117657862
307062601
867769221
707644566
738089182
811200010
380125733
449096654
250607743
778483012
978738421
832136436
998724999
510270844
366759791
118301218
78839010
504557989
945115175
534996796
310143843
635802876
104311934
330254231
293609884
627460332
971735403
364024221
749872765
438733785
461879983
540517455
184997699
1061495767
493908529
519208580
142222704
1020969290
772384107
161506081
437926806
809404685
508949880
326029950
166344596
393866425
839609819
101227364
336246908
774824977
338728474
266538957
709723823
679858439
228121389
755262011
751237249
120722310
348035105
470565400
697705866
451218974
979480775
926941618
719527816
814092409
540934978
252630207
742302235
999068786
854975730
1005657989
507412607
21571217
772191431
38920837
330392700
674504140
542452953
624616367
166962170
362948485
799354885
390723073
117853930
969580464
196465618
39133787
234025830
50962302
982955380
596110107
800470673
581229723
287913871
1003667582
248743130
388154434
265736563
926212582
382173622
338320744
817671218
921746402
12077965
666136633
390832505
838586161
831949639
541445416
101666579
793197389
409668711
578895070
797074553
333929982
226781748
862657449
25898062
390350871
256813780
981325310
555262814
1040448639
628620819
987330068
1019785387
475748255
71736967
792274920
759428226
902393511
961228331
723214892
197222750
545733003
619932503
602761198
1029212811
1054912861
74745189
184901771
498647013
510171062
260571354
315247040
149579069
550960261
682136244
332657312
766986876
58007988
764422656
551762918
984760086
448782
33758325
751649338
10997417
513401362
976509198
495943866
304872559
317203618
80717266
394992608
578651928
637362154
162849675
479493161
636015921
649871731
246917195
601915311
321451331
5923602
774110319
729159945
985169400
1022972793
793622897
161831779
689443790
265086323
129829816
389857069
431159386
339471574
518014354
93730759
364225154
609776324
204910166
113428893
6584156
760767222
1072009291
177755823
991907100
1047520917
728797198
875629665
1042297700
215350201
526272780
1033177247
940704889
516630003
590497925
608233611
715799038
464183324
976513117
545319221
474220742
561152626
689727117
17192678
808274234
552076962
1005246130
53061019
969742747
560562138
563024667
279475313
444221634
1025928148
950787523
500986753
1024280536
791202110
595514671
748519885
117617126
573916919
2121286
469238711
590063757
999308988
699202493
594852101
82492966
202348798
1029151861
758045093
803635806
1071641786
200199915
477599959
533275250
679397614
238489518
481933402
1018869428
417166088
847179913
673409432
926107018
354084236
816176058
304592991
25743982
327988256
106178821
637552060
585363516
261215607
522947836
65223379
471770727
107604715
355579659
492128007
201511431
350492247
487189316
477123992
288242679
654180626
894954
471713835
537039398
355845436
564996007
1068961153
495466697
401502508
59733372
809150444
495842880
596592028
957269216
9549553
977912932
362390549
814778078
667791951
488808699
885326575
278247438
907401369
500211314
358419266
748077893
521606131
536695740
48963216
541444415
293989056
689341567
764650581
249110525
841496644
80792929
111599732
522788576
857563797
164694269
117116538
275107990
511784353
529644442
426391739
127698148
192375606
954974848
1040715747
577495290
73191269
50091356
1007936354
618673365
639110174
86197107
952165915
261789465
918165756
144543134
510748337
491805747
476313599
8803238
109892330
1006757447
1037169015
53770805
272378005
155385330
1056078479
504594596
977772552
158716149
978124892
902705353
949709388
562944165
678043112
671039577
593948037
92397535
806432051
645613959
682990073
939049455
688124966
96405080
406846833
801563587
1026569758
412142476
514844231
780793426
102625324
541420208
391841502
811278939
120471406
536783862
344077462
1058436097
804694968
7414268
501681891
777768674
770039734
667804293
809174821
26323926
390077977
1014963194
959122550
653893272
967415605
1061300653
614035581
474074337
19328612
186482073
221651425
692498276
971488203
131042147
175267742
501342628
643131790
218424439
51274695
315955848
351939072
237246645
570163630
339287669
520335913
636308753
154873960
951499898
17337661
840681929
447333170
94275225
787272372
173063400
46337543
947263879
18187663
349354119
205911379
630230765
581175150
555109170
199303972
421196427
362044923
1022153067
962230984
1015430075
865956297
679393081
948683128
720466396
674088461
774865084
679701752
297973411
779125835
135085985
278528100
694961765
914351070
720104209
296091991
1034703571
195799212
537026091
755475240
522863150
219228864
449256602
250325341
884202691
160305141
501264515
958662541
358993434
879600464
1047352160
817462632
689575278
59494274
165188162
348098053
222723897
1010819305
1040581305
742327788
33639489
827929968
964808648
420671381
64119233
335702258
988957770
568871800
507798484
791743204
442360924
321060397
10670722
939107736
793226025
119222042
624659948
574660065
428454495
683988191
946110316
120886263
347295461
948391059
90065555
381604018
705680021
842038053
132676262
805475214
366748187
407530683
276792673
803916163
312148415
379050214
842667079
195905799
1806093
818142948
41618224
829543201
619630397
183273746
645860507
336968519
62611486
1026618205
154987833
903437233
557533778
307655618
823150584
176430102
53877278
659608391
1043151509
442565336
10527479
203925483
527066600
876317185
736689133
644693667
1020631962
478049873
915182045
81786844
465635644
1018627644
470859385
940795203
921226965
472869439
283897672
474224940
1067595759
591867349
504343518
776309192
187100593
948969133
349141820
6179365
715859490
489738377
466849107
471579704
399079632
260636728
69734746
433695470
774184149
220881446
196489712
485626558
721513585
521380941
1023496212
194057508
111683287
507269252
814943504
382153113
645484107
265512079
702191039
817271332
706398268
722489148
739315791
138647186
82968938
1033612239
503532066
593637229
598499113
294373176
373252060
93470589
657693543
7990182
77384371
85610428
1034324086
522446794
274454457
855722833
311580678
961905230
1027672905
259494007
246596345
688437851
1006987872
714792143
335843843
585545192
599944135
240566598
647778292
749166860
826642111
600222888
621420982
229658811
228869938
139852366
940921137
532891755
96078134
177453875
135111921
789853224
252357464
2215658
936332179
299462947
406484173
682297775
993100096
694675935
984946102
116921550
899915228
581374353
848317677
910207088
859285290
898850612
1030268571
564244930
890511126
897142077
90934372
251505135
880102393
371603728
1021565077
239274243
393050554
788795530
890950226
1059621210
852995236
334043063
953411326
1003166148
985023327
782600228
985231363
683627026
1053078965
516722264
1061817325
926129916
438109034
796221380
995879596
550083503
413185066
579252557
1043634363
355824290
289196431
386776120
66059440
557196689
1005096835
462105548
683521475
957226850
1012398952
504756152
476822031
607805846
166655013
155193334
324293450
297509365
426922617
674226781
618248945
410673772
376864554
542957667
469919702
191670579
609146302
402976706
426897383
234186212
206389923
1028392019
14108782
352522972
120285267
504292372
749433210
878914550
959366617
531645572
661493551
41757079
165169888
48224622
680128874
791230944
670117133
1063814736
807233408
1003516195
869529813
409523311
283767194
230430441
893029016
1039151477
126976265
582364186
502886827
202080755
1008763637
483599126
330592479
289023808
115917940
2282000
601738398
879710718
235855866
1005764127
1070071525
734289027
673904733
327929890
977766648
605100314
160424200
892648364
951872905
231757468
915131868
695038575
606736743
984697660
619014801
166392028
659086264
695695908
429250154
303625699
494730657
466172671
590930572
992238219
617058022
169741308
1017597564
808770989
1026656633
833788608
802068928
357283291
750909607
1004438600
378756057
135262887
301029682
450515720
870035958
644049322
136273342
642946590
312880930
25310178
941608931
393158762
310593814
785574779
395517217
117893223
49492485
842961107
250146906
1057864429
39529973
219634063
391222077
840938117
440056774
234344670
885247051
791930196
322181885
640705121
629682305
162543014
55640996
94863518
301918553
935600567
302450874
146836863
1008012026
451317664
634997459
962931380
584673080
925566288
287999257
197844153
719559813
506530118
569577762
402194775
143811280
364648431
766172662
332353556
348284177
394035494
363503193
464223358
488760477
110416790
799255687
756457310
943367928
35673756
100641246
124783284
743229904
126400147
337363172
998314726
71751129
799464137
1050578339
160290292
172936899
111476684
604627918
1041751922
398604295
460475996
192258783
336828319
606811824
533951184
612006657
153052405
536098397
177543645
394016138
539328934
404469211
717007444
178668318
677269789
772518158
152861945
486283716
214287395
164117412
818431579
815545606
188100466
243180767
715124019
599744266
87487491
485153817
846862876
419668182
8581120
417270469
31480143
903483969
25495325
111406213
496179712
124909393
979267477
322187284
865260050
925050730
649616775
833249066
769154698
376085713
741718045
806718458
918139317
727464457
193260021
366983330
720130734
112615711
113462045
1047525249
1014950883
722974402
1035366515
862082825
276969560
430429874
54353648
468103961
558452806
980921455
303470808
1022304706
263266250
1048060377
631900362
1068995675
432683892
526433176
759607042
109699985
656790106
264413307
838898986
688689815
1003823778
10171350
710630295
29389596
651400746
749215181
236125508
907094658
130470270
660255494
917648634
319027228
929970876
414373062
832959415
87537379
11324388
200490394
1018698112
268569121
271577605
1015458443
899872260
706663224
980660791
792184141
528538579
902161716
218318746
931571033
224969865
796457102
633826426
479437113
495455518
410069940
869872766
298992055
744358870
848692690
656100143
495646927
732162338
77931847
189071279
797127022
567554761
711072412
120064044
360956810
400122056
645216254
347906976
266403712
542879014
1023868248
1036355378
681600887
966587127
87349190
634972993
865573377
951809495
803124020
302256321
153492932
319882884
147849100
542679470
19021522
1007581523
795237567
489737362
417557313
315613350
298123580
391217951
1012795614
204064066
397514457
198304154
1070082454
2168852
44458563
433553024
504365537
774191714
1044957386
835427411
881284852
678755056
1050027027
372466175
939643740
383340076
227638171
448861751
472485869
739273958
530335273
347214878
468196292
504459607
67806334
124332395
725102238
606089014
940230242
882615044
426807415
453342316
86071800
915267785
875397238
61487331
653334445
301827812
98002633
398983823
363127772
1025925866
832605018
252521767
86978602
561749744
203861069
698172870
371393154
609856824
1068659504
80131018
188620536
145586285
92937436
423348620
761858006
959358162
219946960
318315185
1047644162
632779651
886194748
629005594
223184304
1016348222
865562596
342898075
427895787
37813060
601897304
1062680404
787624981
315918274
991724405
758969023
987669185
191734227
463085872
469509814
354599223
996874556
563619325
123477489
798480026
78362308
62937324
361687116
419186529
797507025
294701829
901043589
954826780
184310191
478396503
203222627
914422228
134355388
1054305052
535222015
219057992
26582117
316711528
707098481
34384726
940781985
818032250
183261759
118756606
206958153
823170825
616119446
727081029
230970771
902755489
617023542
1058731460
776418766
426125376
586840958
41047853
645691144
336908992
929524039
953096897
561769014
624453593
983831090
600811895
316131756
556656412
298146827
80364287
624401001
168611300
392810252
734728604
365552030
572543847
275111050
392150143
939264831
473049170
566674636
208646933
420292804
779274134
94513353
459690335
372021569
916375640
116122079
73221239
196620791
163614443
810428684
366363215
890822588
91910238
906931667
1048396125
581977431
659444223
29627730
677342286
711059207
984171834
407320671
966559819
368016357
562993811
544566994
618917139
611559338
574787878
297091587
193986116
307816660
125766510
232286191
278557291
102811451
414914901
784210577
521067799
846970823
219791579
995576013
147735134
731273646
812382084
42693423
1051774132
770473162
934776574
389183025
913404612
464425054
124816617
621471838
971438808
339798426
277839241
590803145
417946770
699256497
229212618
919261755
724445847
835064326
893484936
571076353
1019446257
961495641
475807296
653035759
712810512
326227716
147284865
846126122
548805848
178240699
214011842
5263923
616323616
368692304
432666457
742476360
322646065
461215489
212846892
707621038
145015219
893029473
1038584048
216664609
716934093
212700292
650443205
389701961
225925649
731668576
32248360
346946900
425465218
960464641
621915614
691865219
689150469
379768701
88493620
88616358
281246863
825883565
53242233
503613349
269365593
322308398
45050884
161635804
246442690
481642323
213975867
23774037
514556896
538124266
627651756
815980344
638734505
570014234
652466718
532370536
300801573
278606583
198463832
869930142
257567545
687552946
1035982120
434646965
150393309
819704316
709528323
993323467
553444526
325877678
82754363
463312267
553099370
721061553
505794038
641075554
878668677
569153912
120863825
923640848
588159051
372775000
630423694
552936327
225683756
370335773
534582542
668402449
161821475
663389311
104107957
525278856
865580850
955211316
4067638
226282343
689761212
1037301776
846908110
515969634
655370990
927055387
985471227
383421618
203621547
73362255
321211712
273010314
117370817
1004262510
163269588
520043008
694636046
197740324
802711905
284180044
226750757
517890540
299734464
544193384
485202044
353905062
126133874
698428491
286312885
283974040
325159102
63502613
1002743869
141156643
91563005
553742127
274900146
1067389648
683897851
183821243
90293430
628554972
463731357
905928924
1026342414
52631411
755744474
305019161
933716700
832196803
74416361
296047805
818780833
390639787
26330669
193711248
826038435
1032844229
423715769
1070670996
484969437
811072772
10486050
425455445
164091818
604966856
662114472
915050230
182976416
75764770
1040772618
439825476
806643499
363687859
269357719
809444279
83783868
145308079
242887307
501136856
1006688104
475760760
84349615
359754915
424307746
1038685547
193804594
102430806
887986895
829637615
855816697
214971915
779770458
557257206
614339297
374465965
233077464
1019271635
444850316
155132016
561211850
983234029
310015374
453777389
1046122251
518090666
233741022
881881526
819986616
593539647
464527113
470509956
1028998327
458429039
735162860
759276043
618239864
606071154
524136623
605957046
242491551
182820652
163204435
765908351
766811515
882450234
461820506
691213615
859195000
412793770
390434590
602079695
446669884
714879640
285204821
945838492
306898561
693374752
127169734
77155285
752778992
875167724
497917233
91297672
917655344
366343507
1068415060
760817889
250354353
193163367
589773204
735852511
497179988
249815799
811471424
1016088317
985275405
581864973
114155591
1069285796
128072616
441825432
389809578
842464145
89380184
287069566
463039852
586166000
669164610
752253263
102058985
457662337
5005010
97299528
706437714
446246756
522509838
591344298
776447866
650865344
529560248
613140294
938493410
95768438
640115535
269894654
475069311
378528626
731133610
625342391
379622460
455374723
860181334
508020621
594062000
913735897
314201664
79736274
656564
465340621
536117854
795559693
601855244
446705968
505251955
986939889
100593517
969666195
266893074
827047977
547823751
917303972
140944108
747616941
803013703
347472815
137739664
54976594
917483007
880128752
784578388
7325183
389163471
135453706
344416641
1054689823
919429137
458765396
632581224
248374833
1017045380
41514341
254819956
502805663
684403738
362020061
420698491
638536730
792814564
391475546
755768904
798448256
430591694
482834288
236721111
436881577
822427124
320475330
1012056937
773454954
223548086
325032172
396908225
275670080
284005407
103972712
154745814
684097396
47867737
690408270
602307540
843315519
917039452
848133416
90495812
913913874
453101809
635928494
343706580
643690909
301445256
7376786
1024606400
532813749
175329542
43211667
272287674
646691310
294388974
697337605
243500888
984187704
182249509
47218330
488241703
197784635
97207429
634325714
13599180
4579031
167419742
853785370
246832552
890573733
549354494
300895961
581259806
549968395
778022990
191856725
579200903
702346296
644193235
657716030
521454926
610167289
442845044
911098747
629949254
482946916
461722198
298926759
894286002
460823319
44695007
361980579
1071315635
80065546
119936463
373866471
15216492
951029327
951455715
282311703
358725813
499301425
503522408
285859674
394545681
1030712822
660311859
583107092
829975809
118333906
910240646
1047361444
443774592
256053654
286033905
969672576
75053493
76095415
696802573
571387867
908170028
91327248
165953264
31719313
1025537683
689032596
273594454
745043579
279555424
855411598
637645170
448215821
677512794
843007382
532441527
203699148
746947143
932046849
445639233
895991272
527258399
468577931
51430419
913166308
550995650
529223749
3752356
451827006
260241719
927143790
808199568
742808133
626209139
459800007
912189508
716221941
738900443
948470036
204837908
339879502
200528888
520837950
131947217
403757362
592302427
218518186
287671158
350406832
811436105
604813025
35588672
68839666
110410776
844045357
1046841438
68665632
821506548
184624422
36075637
635191137
509687872
962375723
973252116
943981925
1012011079
845119322
233451632
201196495
41390338
1040328311
948307624
594428978
201480713
596359299
18738246
307831825
507277582
1056619681
7975811
978836173
53665508
87011343
473410172
322309425
754668985
369932102
429720570
812548137
117631144
997420245
946478169
632198448
185894022
559711038
752694675
906815580
174398334
849574370
904040653
533240810
865359991
625102345
576407308
121175853
1035946628
673426628
742788260
930026382
272079062
141468345
319483956
631194076
675869742
836144648
165570049
405872840
748149029
436817441
413201164
670259834
894311538
811137052
792681928
95782671
1017909623
162442488
910022277
683219127
398566092
568500848
581784677
848994002
1047740600
784637306
737893316
420566611
571785727
863395282
232047167
735521004
958816736
90072489
388793212
281949494
417567917
517841456
34267918
200940383
745605144
588605379
387443203
86274569
621500480
1004453754
38763744
660037624
56318461
438359890
246780474
128413557
353082170
716770272
839493283
142380631
924703993
539368675
342699314
316235895
183934324
355037198
90975451
366951908
5992159
854684161
24515745
313660334
123161716
98859092
49602683
124322352
1065141827
748036516
32675241
41542513
334691266
616474344
942629508
278849655
938480227
706687598
466062220
861624845
762433918
204765121
706662970
155634388
276515124
606541376
873324379
210492103
866372786
705306736
113473505
500829833
901101617
159811678
154548945
597670896
998282835
343347013
88497195
458191096
645137276
557637738
814550120
780933571
753587758
223910142
333111599
120143111
384514131
870526771
89973495
783595127
623622922
187293867
22255836
243931973
699071709
786373060
442447527
959839292
821549786
200353867
134021336
1056035440
617918555
522618809
527226608
718583684
524810503
629024730
1040344723
337455636
895449245
508812663
889080131
354164136
666006821
1043280929
69873866
767625105
206677338
991507853
113973033
823714527
1036306153
767089797
1038184141
1007937585
478664096
454839750
696866855
686959922
425338205
983643134
807603497
103985245
299149741
783204284
169084607
599371022
937753056
728825731
1053344315
496195515
876571196
237435003
141826987
239919707
675939928
176710137
872871880
360341049
734713482
946577514
398731827
280481737
309931333
1015235050
398846530
547235578
426314310
45233149
990521429
638391407
632935004
564528325
863942404
260167600
77064152
536315065
703683633
284730415
290500514
945400215
56719817
575994241
993750044
277678111
134997663
1044033226
688399304
598106897
461659639
68709045
630127130
879679339
581808061
850356336
960849118
848127173
366475946
186621152
76680318
309010918
438506874
70374869
1050572335
424574904
646386230
765013666
60097318
914607201
109799326
193756044
875573787
552960608
554921548
867190236
297539233
624364097
17802633
875559123
907079187
291744341
994926370
394874594
944941674
562518820
721930191
673440702
419801342
702978989
519485609
796998698
118891125
731252457
12986389
357284834
833823355
78796701
120209468
307010678
278934634
954891712
641649946
905536287
602286153
129116415
329265066
559626421
745227863
403258679
29996150
749709871
224602312
960664276
600394813
676217572
959029362
381614584
994264018
815424416
423252334
202761164
959260490
949410609
58376570
628835234
21977410
414461648
593656280
699415207
325930246
230952186
1050097480
623787014
378025373
152767271
429850300
466524838
728707646
488323108
78522473
340007356
308267129
272610255
119708639
947005465
459162104
1060550164
967460734
765749141
687712524
556772108
210080636
71441840
778381786
773212994
989251820
376435983
1008753409
467154004
94984306
299576774
188398142
817045233
170813946
1072934038
888972565
1060230956
554979332
140515582
10365400
40505805
238178793
827626632
35624013
1024391555
318079770
224194163
488700145
470035560
29695550
780847196
499593004
603032016
912659212
48594342
324366066
815120151
348713745
776186218
164357839
744916943
705035785
358304648
111768602
362241003
369336479
717724342
532811854
32826449
1008556238
746587905
23426170
1062138633
1052898544
379587734
205706495
91652616
122695724
420408174
834585048
619976171
152354353
242798641
432653760
115365568
711314525
667315186
77623450
1009109481
785341271
133861026
100608768
98980922
711100384
770427462
279267726
673641464
902351342
1011079845
965794306
1022342335
803212668
399785190
807091187
990153815
417995371
885793417
1072353460
1057194748
379928253
506911342
274399592
649112750
660020478
626435818
955432009
1025225233
784418284
650673082
56629432
591065818
209216025
787412612
14698123
753364311
833853735
353821522
794206027
431849985
1038680756
967455919
151549344
349185473
708750950
615316735
160722747
737965027
422794882
1050449424
623779404
361687329
134738766
282240179
993391788
204180440
507227438
488520227
786389581
394293835
1069309213
954805846
542560158
1044351385
954779186
846617875
244277652
801786220
1026387622
74602386
234352740
546322081
117424852
1043182946
828122694
349663106
376407350
894624107
482223431
333708807
779851440
991185864
779148802
448351273
917704527
761530606
99053868
1025568511
547691480
361200548
572798041
236881963
662684848
875683185
421025216
736072841
591327946
108253108
389822274
908980450
843179290
552939357
420970665
917384590
930095239
207257111
137567968
729913707
354119828
434377490
490169295
475612474
833936564
150853886
400636433
841919071
280316084
310230903
1058213702
449838295
315758413
740658723
796593053
256586744
45852527
543196061
306799185
990860042
592097877
29851003
845392406
348040864
849628364
113032236
794862341
466028735
1069111850
1069595820
629142972
287403892
57705428
668058164
650038117
835872914
571301361
511361447
378319851
294447836
859630006
323731834
418644355
771944941
146633847
701881568
892475779
793358352
946634451
327052665
431859515
836317266
410172697
276093538
98076038
444638557
262273042
702760184
259184787
648893573
707139704
622949706
7072800
4714522
108925966
634026615
529267280
981330423
246291435
361699940
165952519
359686583
747611155
732826076
826908246
199475170
331213506
820745126
65665729
64153329
307476025
155877004
455136925
912042972
587200057
484450587
913230160
1066972010
941657644
869612521
956102299
104755246
562200615
807663148
287007984
740466652
41210978
812697962
572209027
438517282
281697232
722432484
1015948345
793614264
959049101
934821816
414366087
398589214
651322793
664522272
441094114
486785697
129044273
575825321
514472921
952836250
445828108
603586956
579085742
901045078
191021370
182783692
850449169
852875127
391144923
469287675
551240747
919543505
144674829
921663403
472120123
418469888
721933660
107891144
415129883
412929453
386480439
474863224
522535980
1018996777
484119322
1029101087
699429209
691108871
813201146
967246244
756814817
499138116
205175135
291549777
157102843
600210262
271894739
392493900
413720374
63709961
741394246
154665297
112089139
806856655
798179073
566424527
99391671
241827512
246372785
1029497913
664323295
271034225
453308014
455176322
94808262
357053423
363571915
22161208
542897846
728781346
361428958
243765497
66203658
223258093
760524100
294801626
776339745
449322412
43928035
732272877
810149853
496448593
966258521
473598088
838775248
860131212
353822356
868599368
44139232
113846614
213532790
749859288
27481461
667794792
1017368201
208900409
864316273
642688927
303771242
925642664
684835609
537354796
157606198
228295264
979793605
73949655
422460822
77625059
789411603
563531198
631974962
807799214
924590818
655115336
659406211
699375295
34749016
351029204
383679833
851097013
574251665
721257724
609131460
521848017
610825214
853594059
396080020
354601772
571462183
743454115
781837857
872263901
734125953
462306326
957821910
331239449
908353448
997183705
363196821
665976069
970888653
259463403
958903377
407708176
772021133
656452329
541466564
784433019
210976587
699563131
32602532
592160535
449131595
259538988
914576930
1038103816
980059920
609254680
177257606
23893805
368926460
260886098
112061068
376228907
498787258
953194506
396387764
1071733264
295945620
504363955
569414498
426393860
746453227
689670458
210433906
498288759
570765116
1066848606
957982458
855670490
318717468
975396505
504612723
260859569
285279536
890073502
1047974190
835487610
891614620
463625906
808589559
996169673
671661490
1043679626
593687712
172236318
288862636
826090237
170921228
172753391
289666384
454226872
837927299
528572001
945381273
293170804
557803182
886282615
656651125
946857582
116558276
314610103
417885031
1022890474
280563183
112237090
202907627
922967145
989518878
25030521
440981405
641275354
619178570
764277760
393695291
158785781
685707599
57446199
307996676
559837806
149372452
1052829860
583713826
270467360
985511811
678399294
130061967
229101901
1066990497
45896403
163306442
897823792
474743379
1017573770
964397335
999492014
931601415
581477840
837647497
909846962
505978643
1047145121
582345434
1053283871
811547689
826734646
1055173406
940934254
599703915
720431753
198887303
872298597
210551423
613441286
990463093
884896298
349004708
327011363
421584123
942051342
945837146
56051591
792547331
322332143
172718696
835823948
472792557
223580984
15508802
158333985
792517556
724841191
182091250
330363760
613495604
909413067
4161531
692730917
343129472
425718266
756507351
416429942
701442334
644964127
179211563
512704172
725549910
354981866
565052768
877302549
963547199
199753908
913464597
251370727
516718689
431799520
902726282
921349523
72992735
65981161
436363969
778305623
999297182
869147567
81258304
686040812
104584919
727434526
2956319
624691455
1033210405
413890561
943102221
494933870
130741856
164361344
264653556
606015790
1031344783
709186315
143381091
61712717
795986020
1037250684
517369335
245330141
566078799
969456907
555631268
616303082
577086689
654104219
575165346
295383517
548285070
275336074
193580517
75516435
559164890
746092166
1030910079
254731681
570778001
206287258
958272924
122407892
662511352
148616141
854356745
549808824
709920989
886612294
747907082
148528870
900514236
624415512
562013153
242545607
714645855
1051114959
840377576
820358439
4184594
70228344
894653617
486368119
365455306
47390899
297922515
640709224
751177210
15786042
402786812
32751131
74544054
7404438
1052378718
672029773
471719669
935076388
936412024
1062967070
347955120
144275946
495168574
950663861
236148155
281370295
844814900
414908836
659373739
218973520
1036829943
718214054
861805996
717347132
634621410
716829869
263771170
198875386
313085868
217160758
410556643
268180432
634253587
744911124
257294852
897307980
446818625
39862227
979495582
683990514
94470068
555107962
396062128
308131582
327614904
536245898
713411607
715237519
473576999
842404690
106211753
211867458
845625799
596114526
385148216
13318617
168012698
397206642
338042764
129786519
598316543
500443256
674314084
479528532
773766069
631680613
686677787
937013766
955168370
619835136
659931867
288339303
681989877
633015715
284677223
677384
331830582
932640300
542743116
396336543
993021700
835324106
737812116
606180646
938717136
488124074
503856682
1060645895
256272542
8077512
538442795
974220514
1012120569
63626064
224328886
1022584205
447301994
746100685
762100836
301708223
960139713
483013955
418775988
915981952
145041080
924180620
4933569
1036677430
965959527
508267796
28337440
263710343
321373808
816043624
612592360
905667273
895202209
311438102
1017605055
646517623
1012449070
656248308
391490333
487137601
409966313
35025402
754129642
996715329
97674836
1046796073
755484196
931105918
254964403
534563310
169042352
806454093
878301632
842834663
602472725
509902636
521823640
589462784
332080733
530126008
609162783
72896520
153989572
573580223
44354228
670755550
340370207
679859269
971703069
267813702
492803137
770849959
681585735
899329436
658075287
202148578
34904765
117122510
1064424294
644031291
1068815021
85346110
724147780
423401116
309780059
898454701
626937248
957884802
825027573
504143894
461254098
991221867
973428984
600293385
526269847
805118137
257136752
742246996
349709783
375971043
821100527
763474702
65551157
1002507654
542079593
229885173
686347802
97599470
907065103
163287544
205171906
691129218
680460139
140795337
426364117
340296509
929124945
351083871
710563865
879098302
495839375
103812986
352910185
276095139
376868721
443153213
155427871
51206700
731224188
48447311
693995324
210055625
742141364
310655118
196595187
507169393
951961431
154633099
272465636
191473723
641057944
61281231
715993709
609146994
114438515
758492793
372398141
1019711901
453845339
1014490959
87270323
52636327
845922181
634422952
21808334
456023059
1073660883
477260740
370314584
421061152
296685393
923265362
157333523
276381067
757148876
199595210
130054195
459394975
967090495
31330306
452809894
1020238107
615107429
15346582
187517206
31859243
368924642
767147523
263542868
711040872
1064530017
552661218
4202642
603307387
273704015
761006338
117819445
2474427
685088129
1056490368
708231084
599133179
236764267
938653707
576622498
833589589
939333194
83153306
877428322
726390488
797561059
789830048
68788839
467915431
681417508
75896906
194378636
403484108
763716318
252499288
405174064
311405747
243118474
225185024
828472179
436430738
285712865
581558460
8718638
1040717869
372914237
380272388
257729891
218612013
1066286473
1035118258
481649103
163027005
175729382
872848090
646809936
887683491
331156706
1000112910
541686177
520272140
555914303
827509578
618767989
637186163
452450429
1002767566
901780677
1050295941
497411414
553208540
545278334
424041333
408328263
1020966364
834244471
377897233
1045869554
952992750
210651906
795550184
79071362
1063658985
604943905
668572586
566638550
268968348
776023177
793635080
704509178
468839839
781479324
986857800
713248711
622025660
382534664
337412130
1013785327
422823942
661530426
879779707
1062950817
727630810
745711640
724513006
271382918
141835184
817559717
474542371
963702441
366923921
753763337
289706192
1017776081
979261936
197966584
498981305
282525017
858717651
691787848
8472329
909945448
247704835
830857095
1025727366
653709143
536935104
157347497
1059963565
484543097
494442299
919491501
970906333
166053415
944454491
510007741
910301143
512292142
776361534
799165736
736864223
381691895
946390090
993294903
1928647
634030033
961130876
825305147
483717958
621315541
779379613
307299172
415855961
105540064
226198653
717391975
385054353
273537248
775901951
793526357
182395569
1036599153
624288461
844205787
240262150
567774340
998452482
551235225
568335803
853981475
794854958
120180335
408285026
263922364
795169558
441879501
286566314
688686794
575596213
306228880
177253786
722431415
206395067
260933012
292353414
473645835
694510297
445075511
892467856
264602501
990628034
1047218532
358134242
559916885
269820282
985024249
544637971
65677039
770492762
70141554
1010586893
671870712
596527059
511311514
245613490
835439923
628778159
810188950
909653196
795186171
680837254
19251132
968191165
576371072
58475435
114348526
699204021
1064402414
304398403
244045078
870578132
591892124
396882397
349721500
904261519
723377323
383342895
1058123869
605299933
353200620
1003680182
524835986
579672447
211375798
1029503232
826840930
12531182
746881180
43313240
751024029
228905650
455526292
509830143
552457772
1071192438
77503815
1037877616
924794631
996823609
906795699
469699695
782162306
376960557
340137718
117922915
381826223
93162750
575216708
487042935
141308025
837195967
90287586
1061080380
897990193
182224791
632046058
403290654
965101711
775015689
391805848
932814253
883921927
367323755
917505445
611808253
471605194
692201405
658402082
66718220
318539790
590229200
262354398
554119587
501056577
101063863
790438141
1009305044
57997287
146119133
635927157
1071656807
701799579
777298038
84537070
991880416
842485268
833719845
1027535670
430720164
604475208
155156049
1040860107
208484532
340598320
432126490
895558968
34751230
417143366
395815827
479383751
749197091
217432182
530002279
6852176
816273025
858868007
121790598
702006514
67802088
99729972
461939280
199061763
895593182
10506409
675425242
894354060
723533139
691202335
665772074
236624614
347282403
26895270
70817530
620980711
154697695
870069134
459937521
558020375
405790794
810315946
1130569
573809246
543757612
535083078
422215968
576493053
18891567
142564657
372447591
714372687
925302630
1029629811
1057694399
135557391
148170611
343105219
90885925
645164433
908012902
936451719
661675985
503708705
945178488
1011311747
1046513206
310074512
697328495
339917961
509395264
99551257
413878406
669345320
85701542
388163199
584643812
39701127
260620003
739311897
675463123
201135065
161260226
135794952
874911934
784486519
1862680
301776150
386585354
115755455
93561740
663354682
255342955
874439650
869497576
670587238
385103658
795922944
713509609
383406815
728212928
517998494
882706692
883456368
583273209
514998302
270225044
527877108
73902313
351568911
221369383
108635484
274009389
952808837
685446570
233333089
462812762
339664004
645709119
717073819
462146544
370603760
843830041
208781425
552309476
206300303
1022709174
649097549
3543887
863287237
789053231
1049943919
128039681
966406443
796429658
917225864
659282157
343746828
1071094917
557752454
189464340
112859722
957122606
289611186
942274518
258584359
485855969
558209468
370510561
983466414
902204541
974670921
406614892
836817117
342738178
450765155
777531279
940961579
768831249
993716523
740255606
389722803
196356024
929245018
414754284
296983682
480285037
675168043
60889265
882781699
1029984925
415961879
935164347
742827360
1002595247
277160513
101962991
334344715
884858057
642410734
32773244
468931657
235814537
844030443
1053457832
482540681
314191084
485440574
873203363
261699360
154130760
389826686
500210426
1002200888
322473615
109825556
870140046
597768534
648501309
639671500
811688240
317276594
145808684
308395058
557712296
1017744946
940562674
643767257
624416927
184907835
876637810
635888552
530146959
359206958
481740249
839377604
244591240
25765336
837486934
96338167
663511042
589797488
149677021
748297338
601099438
721946402
628798321
171210168
905159720
998563434
536817761
500761842
10673285
994979300
174751873
177097343
584217170
917165301
469860670
961966266
812333437
619632634
970635481
223584266
744068772
961745820
54161518
93762212
619523416
363710023
271491660
1031021932
584983035
486814294
765000805
750610604
1058029569
868212927
439145725
734611460
229179510
690108928
362969452
782635371
670735068
370014196
891998248
519275407
10814311
243387679
57767072
755376606
949163390
186761203
267959086
955867051
661936263
553365153
507698890
405140839
658421984
774318430
64779492
994584241
160677093
502211603
395289748
959145968
218870199
210598396
459853218
480612610
712674542
217247501
833961308
73221335
538631703
580834604
990381011
997019613
728647323
720832112
136946875
608332102
49771557
592899161
87719915
687098822
891867232
209294335
903191745
608870930
307088317
262366456
74141249
656763217
915359315
388233271
412025039
33481828
525349905
638827310
70656892
990466157
740376212
612684438
788414486
318827188
890676603
730838421
408383508
1069574550
1038090072
926973374
550101255
448493430
911590070
205515512
371816982
29224922
936564556
515458630
214709860
193901944
902080414
619333920
211497711
495522070
132592527
286213625
388040516
66975186
441816692
860185261
1052174871
93751709
615137304
355439831
275747925
3906564
1059361292
324271991
931460001
723398195
766553006
865844413
901400796
1046169518
883496105
545502457
486100765
408773743
718755887
1061718008
994884132
580213581
214026819
755513643
568732772
88368538
252852866
106864688
535121434
382096293
552190108
297308675
844709187
624685802
915638640
717525827
608255878
839070290
86068925
509886768
225977090
465862347
998586547
783660948
45540176
993810051
27907555
831448046
319560249
493741002
510830696
788817225
237440964
726447924
945323621
181553124
649829801
711138747
727521226
318655338
1040895004
538665438
933069199
718510727
32300969
626803373
791738653
992232638
507959625
466135937
418793483
276388123
125210711
26681975
576557282
449798390
769274384
746237907
99702612
750923298
44333850
962769856
87063060
1073243194
1044905043
193392521
338269114
875688896
927076729
495289852
234163264
596564020
619859443
528185983
84010135
1023193410
425940214
924810016
675632085
923744448
1021327573
404723531
387708199
642869703
187512174
1064536347
174700273
936360776
496785965
548221538
803176104
792524726
464643512
93878463
573454559
256637202
900509826
46007984
285653661
630688452
338216920
166785024
789680658
787772051
556867435
971517445
199135858
462396720
516602675
1061084122
984166516
209533999
533166800
778295102
451890077
142366319
376519666
318148373
607396390
1039306286
424801047
619972714
155625227
233928030
359901753
318830470
905606499
759366799
79147163
183697405
905909318
649213741
782209850
528181427
218651122
253393535
1016026964
107548381
341494582
209969375
724851274
197748527
770894405
979846468
675987310
1056118857
958095487
547214515
917658749
611742973
576909886
343333054
72917157
399107842
787021130
399444772
942568753
926919561
187555976
894477372
437161066
446325232
580900310
556523464
682523871
810888745
453361608
494277219
166167262
531291679
495296687
788416911
195389259
481117035
964364784
109225844
597557421
505705042
756471877
260509417
358253296
533266421
896083378
521772395
134924307
737033679
702787694
36725748
873623284
407520562
25190046
709075671
12276986
982726805
430940930
229317758
77382898
714941193
363036287
794661282
856677982
886662368
279810894
953463273
947381252
612147001
707138791
340989140
864225822
162649883
820825525
258233586
739972805
524574950
265076494
967675772
157229473
659563776
813577826
955854001
422853549
859859160
21143946
488197251
754237146
678530635
395986190
1064844405
399146842
719981064
742941681
8697819
53956911
902808996
1006742814
689993423
532815374
479905977
800831470
287246376
119705220
931616410
666548782
366668061
102188535
410440405
648898791
868734820
942459661
379580882
752965735
942015807
960238018
195054450
325643590
268296809
20614800
1004884343
549793907
467375597
346564270
70833835
404954764
426817792
917533557
295078019
979832504
650159350
625948544
501315709
167276429
111025445
882826612
214295757
721587456
850429035
957607581
1039153492
391357351
832000393
313967711
547238603
395031039
895707178
180699070
568933850
73297914
692920023
84340308
30261448
688902003
623474162
75262288
995402810
893098836
834507175
931021444
733710579
361513321
121624773
325826751
769231379
317917738
595891284
116393890
556260135
167958372
1018032739
421548375
704224139
726327363
371939672
1020930368
416263890
1002685263
832663595
253017133
895249305
266526695
152058166
375053869
786110
54821109
412607222
788899847
880342435
560469483
1060712538
981517015
38347566
397321547
369772325
360573606
585498446
431704400
1008461994
382838851
102668872
851926218
65858811
12312553
311776883
110401365
652855310
964080185
37380958
191193742
875641681
401988412
728471570
1038914337
252121059
503213565
633782734
416649435
696449332
47129628
928326976
610552241
307882182
751374629
693326252
1040379982
11305767
297983727
964070086
330454378
682203469
820075784
692062783
791062873
938338443
341247150
579855471
223203749
1013645978
678204026
728583715
432464442
99682670
755621374
60047452
879492291
1051051785
185366036
122247924
125440036
394585265
629881836
691295967
231350713
474491955
336982100
224270709
333023526
19443040
965688842
125116029
358340573
583841738
159585921
656421953
95732950
409053276
134463901
780377036
594569963
292731393
77702954
56558776
121700136
186604044
1007629147
737356941
177622035
51449612
4778148
83086658
667017797
69285672
976583555
459384926
74702130
762919582
398044613
345213694
747652534
276603271
859644933
351381020
451237374
69042632
821540648
300427405
919581864
221580554
967410399
106867922
1017709749
1058563022
710257754
883211641
622858989
671179800
571344712
669954285
188454365
1053594108
732261572
1057072419
15533118
991426397
301648608
297301731
479148320
666727070
362088914
754808739
681106796
916249302
888506615
97445823
287978205
33167234
1036186592
376913170
635312574
493996481
229451970
245637021
81022790
338462417
531489972
625377101
981471569
849370496
612413441
955127446
785534400
1060027040
298744847
771296002
907634673
766189424
352505147
442337826
823447880
266672396
483628649
72523475
382583537
551790407
148180246
886271841
796761439
486807995
784712873
463731218
931270543
415785588
912125013
226726841
342269021
626616733
561923223
560547686
854895346
155093026
666809151
593451816
957414449
81577790
197758635
511835001
722624275
149342694
631439631
369300040
537676904
300716493
1037523978
498733040
544140616
366686296
354236683
991788970
950066484
459362654
739299557
1052737212
752234166
302469474
219942562
926525095
606942698
351165015
673352257
524597934
215873392
995254617
732008084
482182781
730743318
515507367
561848458
712099863
1045379082
169318836
85866920
101156709
827389634
710800399
584653602
396532420
718957990
162986272
195096709
882204421
1027854166
788403905
949055336
985708171
115213292
447888021
602057608
925566384
1796149
744194833
355826545
1063834947
192447862
726182632
94862747
690225517
642229353
1060246535
1023404523
430624475
750238653
824517405
306962321
944887740
532653303
268178361
271976696
419835816
707226239
83348854
523983926
204409352
979492386
108596575
609109737
868013238
1017941072
673311419
99688114
596361826
1029005130
986990208
701620366
894535418
909822504
644688711
290892619
838564780
573120387
302069934
698065672
915219883
286104585
295591274
255113724
1040602511
95802811
337182130
292871333
800487486
140702948
58560064
997441619
688145824
355947609
339253110
1032856316
938156297
996099469
417266429
45292859
288034686
967953257
621449272
860354142
589673168
143549664
624343765
1064803957
431463186
399486162
759431076
1036100836
795524141
1043542769
792471372
101670758
658431935
366810886
20364513
484115901
410598115
938054185
1053819860
308938896
437829391
736841068
867485274
545436630
339051311
125953562
886324247
697704734
557177527
488534455
321571991
241190916
1036565636
84770982
476764669
500037076
860727200
423834822
66320748
31601534
1072409
652435075
706334027
875193985
108991918
866817353
188482270
860650903
108521942
958318697
366474673
154081537
533722284
1038791960
906484862
210601946
476909871
772237361
286997140
247064699
625733001
38911364
780239257
76841019
16128473
774166999
54188416
820850211
191927085
633851655
298275034
1018705311
310545227
68281902
641983832
1037758519
1020703605
351560704
495173537
151204797
274858430
585523565
471805118
352921406
973653316
668450466
508755114
455482817
820048169
701299516
456360522
809180716
312879413
90978383
923232731
585420164
999924341
785488685
329095713
605361341
449197055
1057933103
1055048780
214229524
828472110
859906742
525376025
509704465
717275343
979091960
899422435
700374650
378479616
239972392
520853127
880903970
972644749
1034238328
179149270
824706809
150206209
32869181
178249704
16921087
530094715
301102041
20164047
300757498
1036322234
819575352
616536413
1009776344
312473855
50875362
833906922
940503422
88978318
808408993
233709082
982485642
367339232
615635828
141374072
723098174
1045759966
280146398
987968710
933001149
153854753
888359619
519581349
604373216
167154492
875872027
737161277
360311612
1073716106
632665642
458951118
633190912
264911165
1061931537
154393590
1023587961
952151762
558754974
881744786
382587516
176757113
103314292
679542970
341218226
409348069
123896918
569388979
749167443
488434680
1004423390
383446180
323832141
579516377
154503856
1016046555
295576319
43394386
627565190
929162487
303523822
846788587
347857080
192922784
903498021
823874199
935720843
765678651
978074626
453664856
402526112
617944142
117613425
159479528
135077645
333561446
731135606
17387694
824830478
1240418
754897900
794681396
863033255
82239561
474845181
901193214
130703363
1036342915
109715794
325901677
106206615
104781695
148107276
686538374
77435481
282368495
496807888
285833941
49536458
513908152
367891913
632884036
130027685
229844015
446900905
199957258
289817563
722443884
723580843
139893826
538975369
799796860
183208184
990224970
266440413
873563198
853139341
211227151
162981232
574080322
183432000
814510606
514759538
878819566
446657485
317376768
1073067448
789009615
411847934
910312640
739587408
558958215
326205925
741011338
282017470
988185309
622237563
810703941
1054820939
244798668
37702583
111496035
883427678
427789832
105719822
136129673
258772855
17256404
758710765
104186324
766081103
486437973
151680736
356553873
869884341
195220074
461725767
319452537
776810638
13850289
209633394
713801389
95269524
727870033
390393030
174857575
612392540
1013341192
293667361
970907420
795706756
973488793
396811893
351514867
462828584
480301823
331869304
40668038
779038430
512395492
957335339
947423733
139192119
896785542
933657332
371753762
91019244
1020025181
470824861
1059185459
240219600
1069904215
825751953
526359911
537566092
820754308
341919853
122923175
436306120
132954559
111107912
346574439
781872187
86060666
120346469
699783755
203954675
736937647
147105721
1064850615
725846579
1021923345
678682540
629645679
740688568
1056968400
804226281
939438105
1071469316
556398752
893383079
237568769
683231527
1018041902
896157162
715597181
116182184
205903946
182536008
311058565
303712636
830874413
738152802
476467232
368395296
250542272
864923260
1029716028
597516616
931906120
364572288
960105104
49305007
329001971
798531591
1035845519
976988953
572876999
834302886
238847074
216695584
925970688
670909638
282744520
687101009
460514786
1066638490
857394766
890647038
305341475
91423767
894866196
385223671
126316627
1055243964
1021648118
389128823
179674051
103513512
204485841
1066413882
34056843
690986537
787359042
919929508
478756106
38655630
62320777
306652040
85387745
12285636
73452346
344166914
350441023
662780100
930851718
364576616
94456416
741024540
768355333
934184958
949068418
374612468
175684078
334125245
395565138
631691648
169873978
896034842
1003522451
919619471
244004951
999347411
361686373
107229151
34783564
36786081
673687280
575051500
34191124
248983796
654891476
155547519
85549333
629793346
187984959
1043687664
829514293
948143929
532040848
157467019
467709111
112578580
343858400
861342760
437356676
269429540
194271082
597874687
184878206
758756463
211744847
406837985
377543891
993405508
467145378
614973856
510880750
150196215
581202173
479238416
736585027
189876340
107692462
626994997
70146032
379971933
293691179
293754444
1058015689
629686285
651458584
405564029
361263156
390737150
716981568
384874512
776948785
482651708
990992256
791208142
456852968
464300349
190424681
4148785
680046092
583992393
172560076
7181660
887190403
417638337
6432116
300796448
777077891
710890750
373951271
978439344
549496077
396324357
290851875
946923009
646018899
705592461
565835210
368376662
292140538
35994042
777886508
543844694
13307983
540873221
715484175
665585176
702293942
165126099
448313513
4535052
502622058
140990942
548826165
1063287598
207876389
1063487792
162096093
910142194
242313712
680117126
372947491
1019090981
326763299
1025907122
514464722
761258488
509962758
676792370
565730323
283163596
782786037
255585803
875985706
267231916
442265543
25038518
258340456
379257788
747205518
148822446
733780464
306520334
315254124
1017292585
941815282
136764771
1061501423
825997916
782472777
32686375
270753833
624566722
38431324
392405498
196238764
33490522
819648030
88088376
895779992
490815967
594831015
145556185
788378560
478263264
622738781
1048185475
979741987
199358580
165559584
602941876
402768940
281750609
797865463
599716405
534672882
915021920
45924638
278820704
465733491
351945940
578167463
1023390910
942934638
555762592
305600265
997156637
52267805
209988726
221120170
821759759
556637482
890192039
729816928
896005786
690059384
241437156
758920579
931836322
302061110
634921690
409247236
11334263
430937497
881414712
639387275
756762751
744506788
758776374
971915470
300043704
180091372
525678857
131315030
317518842
843667894
780906944
201198679
494315149
99115027
322443111
439291976
222493819
470933065
670408240
205995768
22837659
667131591
900054156
784015492
416937589
112484620
949244929
926492433
367744109
1008250260
1043352101
613857363
777449318
326563962
542391038
580325502
935346187
198453366
961079208
754340575
986386632
949474382
867818269
993627172
8734288
796674711
879185738
323596329
670028913
461407193
142158728
686287508
810200175
50681226
188712655
434739932
625724978
977032535
987559495
659244183
643406402
509959145
516346502
213059998
224463046
723931662
62683754
194669997
650559403
106388635
716213608
207257722
453519968
712454657
686158141
425649319
558877947
604002090
477140858
824760012
778669497
648104804
1035700164
1022467411
372616016
653975115
311989043
130863410
581943123
132473646
145597220
955005774
558803911
841399431
843770344
689034214
923692860
623052635
756501875
957643720
778578054
285623387
816504169
640637461
877702693
572732316
1010854400
966767586
130404550
1041832527
950954595
1032852335
129104657
164090321
333641686
482764446
362541174
335259451
903553400
478654616
277262180
944576706
202493132
754661197
697276638
130550783
604625432
323891976
729883732
898653926
124109767
57836694
863145678
297806159
407120378
57326164
776613951
835918865
383754660
367681791
15450441
700789921
344459322
983736647
872934831
308459188
126615799
193330219
279947341
1026165749
255304509
538307484
1047847353
1051906922
50624337
769480420
256709971
346152093
571723749
289432268
368832544
607681272
837696652
299979885
347531505
916641784
85013185
161629775
754375243
429756409
154889365
801290020
507276410
326794850
447631102
151697867
159442089
945580719
932847372
857324479
389844669
225278842
127281134
670487598
806997504
126201965
227963461
12481045
843535255
306116070
468587004
52593284
763177056
443451918
413857929
790532294
240032707
168562637
1051876139
105606235
651359747
407810071
788592492
638116031
459226814
526850172
110184223
599226241
789194396
124045545
8424481
254560849
101269940
552482611
440470802
33894843
88124234
682924921
359564937
283262237
861546400
855205938
784832330
261098663
486070025
376899149
117767591
913562385
856125563
523654753
600060376
721503873
243387957
22855962
1045166644
580568852
126152704
1063320999
1058092534
1015584505
165426156
565599838
446357206
21789627
735688511
99427256
705113123
56889707
323516011
520289980
200576884
203525892
449490489
71855367
577968137
910546957
561623202
47612883
668129184
927417839
792590593
410014203
149569751
931874535
266545179
460665831
620165101
1008684980
783452893
818909316
28676548
909473477
500690393
1053737746
637546856
985382314
417663071
931201862
645106765
828782369
744576933
538682488
225640370
990880558
299198907
264092458
1063364920
250713164
902582274
337954294
51413580
156859394
67657844
809107384
929142921
146590724
17211500
938101552
623782114
198974144
855795085
61516978
896827499
245691607
586718061
383279509
965338527
1043056593
450475739
292807265
881057436
312356660
638616225
952439194
113032548
853335647
1003406270
178987265
567076622
564687215
736386887
247915734
600327310
713420890
1029352807
516925142
792175678
141586384
251839018
50101916
1051962057
617218277
414032692
1059257092
369918556
1056529214
544011228
183353527
66634524
1069974027
383869055
325396323
1069763508
676269085
890625413
807296916
947868885
494947341
516996578
808117383
71586902
362049304
382517628
694151752
60695615
865070938
578621587
630026736
378119185
845556056
574186126
767181737
403170923
823096303
781479289
46289288
980868749
914017479
185606228
430670330
595464135
181817075
49405150
718809689
389371611
468533941
395575857
399472783
351323070
524072706
164369863
885833364
123374135
786124722
359842354
1029916721
14189695
194812723
893768036
879855600
65514010
357129278
1036393846
327424896
713203571
486894876
467340729
705785278
351422630
863221305
466062443
663735433
549332863
110790745
255020609
635717338
359732385
493488295
896665190
289015134
564561895
589094199
52428575
475003756
881954879
302265070
387584242
281589665
1006335902
371654585
636668985
854351259
872695659
64466850
110290182
120312655
327087209
301722354
779761210
952540208
393465939
370569274
935942356
748800742
912164109
110756791
698950587
530080881
667666611
510329138
953804742
11353266
74718976
209697471
745938750
1037048659
514474276
217721400
11570385
140939843
921298281
915814083
347393629
1049188207
694011257
590620442
715257968
791199861
636935803
1004472081
413302796
203867574
779001972
373099737
901528686
133321773
26870652
831820835
1064781241
222019160
649758403
700642998
365746190
303583488
774798939
316116887
621883300
238326945
876215401
633647877
394496102
148750510
65165435
914914246
864552476
947959484
545948868
732155452
996061685
565216992
404158321
58607611
182049182
480334417
210139054
243364626
785586481
463016031
867859358
824072958
205394954
259856376
518863442
723648074
453880872
568701703
252652249
316462513
774769657
957962542
969157147
630137274
1055984952
797717441
1051377777
564147891
148005239
155736189
411183015
165608617
335237990
406395482
212550830
975932506
357572018
920336839
868518610
12007621
384697702
716495948
618839529
28234078
538779409
336082129
230899885
394639715
275813713
595941430
58216258
1047983148
1021818410
392763167
202247535
391142438
179445998
961636717
52722696
144851026
840482623
261198760
736408648
113527290
735414458
183635637
726689804
488860146
710875213
130590424
657503861
46699745
336320812
201245105
244555084
919164573
980135845
194604302
429491414
559044796
57064064
1033703924
840321098
761982038
393434119
227211009
419578566
435348926
743162438
281657023
820210951
195982379
281902955
288252751
539267562
780639033
19541922
872011625
460620312
914810821
369260430
991526845
572485509
162472153
887203436
932795122
616315308
367386737
464392372
238755294
933246976
745670374
365290510
551501234
82219316
678258086
936602932
132037744
930139900
943200124
78912417
420823551
651830710
581704855
789947230
1046782582
208784071
213148683
1040699011
271914928
655741991
304507606
530355813
560238658
547609899
530393449
942565654
1052941886
365409460
270903746
211072634
648413764
598653935
169486450
993069096
51530064
819622754
955160034
799182608
464068870
536434734
551899326
306671698
622002024
1054283962
996029467
176292453
1059699345
191042974
359463775
449814547
178843702
57522678
147551638
546235351
113112041
32273280
406261751
745748743
139259695
815834595
1070704104
348562170
154364725
69047183
938012454
658006702
19563435
335805184
937164341
864690988
345261876
635044356
468854813
17557775
867385961
667734605
19162041
52927353
700706913
134357080
20917957
785046951
358105656
597433164
409413758
250809563
115258371
543943562
304362910
662386601
242236127
523306543
47576649
27585976
514781787
462574805
233411348
228160045
412453664
687584200
774186508
222284725
904310597
236278436
1027249636
143723405
220034158
7998835
577883934
302163069
785171765
890071287
386157111
771639167
169238932
551866785
994843093
804601659
116531442
40723127
1024165541
800615827
125122977
363737586
561843236
289676851
455704464
1028450838
424586051
666082003
76332630
511976720
103544747
905228739
324585088
554067700
952752579
326839130
383925418
76386069
229111829
207792195
126462780
861076707
914931798
526400386
516896711
993610819
94168503
658171385
312001921
20410642
272038953
250816368
151372175
464264594
348799432
317238861
517602760
971101348
257841418
852500553
809314774
1041827348
133578508
955724458
247313829
200871451
727914593
1034328902
610803950
10995363
241838412
530938980
851250330
189386075
836639450
550548881
247534624
568591587
805715819
957375360
671454181
728096501
355463196
961230732
351134173
343919834
70438710
287953084
805442697
7118307
791323066
106478822
326909622
704739868
1031104450
246212144
166043216
241576886
647110438
1061764020
576075883
944140117
979789201
622665262
413144351
643471868
100093766
81642509
85495727
939423522
961784478
206986091
826036210
497235940
72865817
962870098
766669386
973814269
550631451
195506693
573181256
627670294
768806487
295858954
117261193
315358342
586973984
43129671
1037285420
27464996
589094832
923431465
586445722
523055812
351027631
244626523
509777146
522379410
606792565
654320405
286380540
911483272
43759144
713337354
893832294
440560085
543062570
156546166
784703729
868512935
538794875
379734593
222872459
210233503
1066138088
842574947
671261837
132522947
288808003
7430532
588687370
771527051
368571556
793521052
1046058463
794626291
878759705
218729567
446090542
377803165
16260675
814722995
815554845
505663189
972744916
826336588
595940115
501380582
438322526
48482591
609936230
881257407
169810013
413791985
3709151
803288819
328101682
205788535
976914208
984104602
799878975
195259622
583860282
605464928
860473205
384285119
24042540
594250996
931362679
177638300
15381165
418826023
736340944
281976081
406090441
887537801
204102808
571895829
183046615
636310674
501301123
1034521548
215296969
147110278
915768931
997565572
103624331
517102705
65589442
58387481
850637205
531036040
781230150
740945989
89172872
317717697
987304658
408216276
684024197
895035103
737029144
79812003
1000175946
893992295
672674248
488144236
347665323
940739066
478242640
579747032
675445898
440284143
444412274
291152632
803127960
726952927
334427888
581504559
1009466899
161359981
450772348
425961693
507940838
397323475
490303182
304939794
140412867
244787858
481820198
138343669
493284407
450687477
517751310
570551489
483694376
725291315
390309765
953594352
95396012
1027212860
637056238
889363559
59238971
69365908
864867673
697511854
488540151
811065241
507313786
573600271
270046569
5934709
169362917
942334865
327545700
168425694
384497001
285427154
821352583
745219165
666098180
828233540
823630758
520300429
1017167653
352934874
56293908
185210903
148346192
658953578
237664610
759815221
954250376
395952840
351512162
439919892
870756964
404457927
336959485
968119068
749957618
464324755
903446271
120759395
1010573650
34120440
981602411
426414684
391722633
1003752554
895357444
464583695
250057595
956934807
1009177538
132368611
663388049
264540401
706977749
109844598
1014678886
107386568
38171557
85639024
123244476
468180070
188029808
858502215
335108069
1066335909
923156514
433367976
221500366
826346421
127072874
657073654
556118061
859160545
1009382313
787729025
992902534
327446864
518760379
315096622
906132189
422395524
307861359
239714946
473099564
984912343
983296507
386807556
346240816
827701860
496786257
1064282184
180261030
83084031
855461962
105168267
317339711
143929266
297107938
917770902
383696572
418422943
634537555
629466024
559613065
595443753
281202963
430092189
704329102
282257785
918894019
390976900
301223834
690701991
150640589
411710105
407312585
69214492
50788961
766436321
366629820
243427222
511125642
585203677
151358816
984812372
174275728
751287534
34953432
920059947
549130485
76299881
199185110
128750971
101714572
123310772
776467110
602288204
642148278
397736557
273419415
994129047
280706890
112969982
622058383
688989812
978126701
191440229
687939671
160497522
300205034
36544838
8186984
234519426
304140982
446322340
802134316
741979280
599238386
1011784213
120746703
89525407
846273252
855300415
1038988962
49717666
343517621
291666937
125709296
731387808
330858371
193131966
729771740
1033782894
611826884
815985489
45449073
1064968651
578199322
189236347
95997828
655920992
652332475
312123360
473373035
983520648
443704603
570592174
368550831
487380994
228252707
430113043
1071406175
355808850
1008900871
375271917
81666784
940470622
693644866
59275032
492130820
780644538
646735557
925601582
861852736
354042471
711958876
104538049
876912134
492154077
713896781
549017864
982989794
9218924
874318533
81510314
798243946
374071049
456622554
476779421
832041831
368067150
304585520
612493948
898906780
13783160
773544631
544516728
1059373835
274579355
502369389
960001142
1005663769
305885776
831947753
645322951
1005687177
54223162
601424097
790353610
437857580
25123955
698413214
935284391
478037252
171782236
259144201
458802271
925352946
595321422
899556242
24459415
393937386
971038406
749690658
620273273
435666744
1003001568
833850500
849997978
162384771
987250900
786461659
304099664
769220066
609672592
428514714
675175900
229553741
815697797
367852933
345397162
531090841
698794850
6872378
489458670
642978060
382090017
84767303
499793720
357022011
931268673
706619851
635726545
283162294
1008778573
946821412
893443803
987606791
790455869
38523468
140859269
278684649
773208376
56454731
224709733
40748103
882137573
49640301
853110060
835103034
931846367
488668059
60901133
569138969
1073299696
848533000
353387937
94683969
41804263
76099337
622452450
936861711
808317835
1071701609
174752504
303871393
106974755
482419244
352816640
363604908
790199432
1055491982
371379787
360016757
382971805
750875715
48988383
199607920
272190095
694482309
879441902
886159450
939181824
815233314
80815189
432736027
121707158
793252758
341257988
978071063
633530274
843572457
925144594
633974571
464823875
535956087
766346433
234864306
721595735
11335900
59385320
399295295
1032258968
631057286
858855406
1034647994
244266877
175071738
532908128
1072450639
38597114
260371594
841479162
127282045
912976234
200192195
522983341
1023102700
159986451
796211748
333563642
172329860
444928442
26149352
75148819
707790893
884154292
564892988
772218960
634466618
771154940
501652045
989282609
6298200
325449729
83253618
825159244
1058763828
393005686
148564047
506956643
166379557
907626105
885130300
93155356
810514750
787558311
590048398
916287693
284441549
219537663
645995259
101830302
649419917
344889733
817054517
825656198
231296168
82765070
210609120
908676760
853282654
1017534565
219081778
351150309
1054225473
371194874
753458686
186656091
690837625
166589945
749926247
79257125
635911930
280527243
560447686
501350063
531063181
587170114
1055824676
519244719
959903042
413598280
855977706
1046126510
155081969
3632885
680545578
517037787
148560338
534486156
620529523
665715671
140126501
397133182
109010168
557277357
151482645
172300898
563295344
937931450
423030486
367227209
718083346
1047412373
233718888
1014766
922152485
422591152
539801275
887954730
375222458
761679431
1065291848
508701812
557303736
974425403
987792671
794792646
977541253
483008992
440069032
124818148
230549582
875176813
621265977
444747554
920568021
238745222
384467991
205205967
603792589
983893989
263777757
371093693
52058561
298584349
273801391
143849106
153192050
197631090
798905504
95336271
649118820
496480428
497727808
786251167
694507141
1053861884
347645637
316606250
158969473
645194808
258487828
54093182
212113469
517132443
524417760
739532522
63044877
588914915
153562215
400594064
200871258
439647914
271232664
31147704
712482716
842379250
57396192
1061690699
846052098
828614651
619869647
177886879
294997709
765507397
59949800
203131671
228118543
14691392
851126341
554908764
698277883
156036672
733044939
231917363
757031242
160235860
979351293
439611105
616602053
540298267
271736081
934627279
848000727
217877769
907440209
493804476
475139587
8718941
209445099
176886394
388608501
33226281
536051650
857606558
474167684
815156449
703793541
33200968
999778046
235690057
745905406
473768364
565427825
240163212
416407599
1059546198
304714935
157440561
690320513
251966317
22528806
711628610
1004517050
460083783
220267710
953417765
181319433
1044374068
378845184
71979669
253890513
171802106
663429824
133330614
336653374
216363207
86301189
151883853
571527927
842705814
149840146
106898719
961746726
99788261
68065912
98654170
663830116
792014211
92796580
46547423
430549213
312915134
587070884
533774394
920496871
435137458
169454558
950363580
673688737
829043493
792286773
351368267
20653585
103985384
1062441826
1001680758
493417428
412176704
320231435
461387439
950670011
388162833
191803955
413567827
977494519
640178835
162957774
176322753
379222839
455322586
842187577
660498715
1016415827
785882603
530234959
461334563
857989887
606419268
1040737175
179863468
620682225
959356220
668241418
870347331
852073107
378383239
46587610
264600411
441626485
107109351
191782837
1032494391
693221665
749293106
500149220
237783887
593874784
780995243
1060824197
281656203
570178608
487615457
675214424
429766382
708360147
370623435
20974979
878915653
449200027
1022344903
667516285
982506910
334991866
99312398
132413206
316584271
928784175
443735391
842749411
668188281
736770139
74472126
445515975
81898918
520236514
931631232
826884666
579149261
1034491275
855864821
419216104
418599657
997765484
409163705
729048112
1058826730
83565581
583898977
781238545
621427857
764227942
742969018
746759324
937283228
59751979
597260952
285641296
733757197
895080014
492993831
331063325
1007036625
225783664
784489311
262750185
260905039
191719660
225297033
864327878
119697399
692353387
356991618
236370044
661396792
886676184
784320996
630918389
180724052
632281618
260485091
593845555
573319437
363544734
635514634
50150347
379198399
113814188
129517497
514630645
628398979
862055019
861232775
418418576
137960939
941462848
350078403
211215862
720544500
878680988
345371989
500692852
762939555
515600495
69915153
466674486
991998884
126981712
352598483
981933292
397471979
426022211
905021311
469771472
441927801
318088511
869798655
856279472
542486794
723647582
708293947
735345899
664131151
879752903
1045428502
1007634440
253678590
575675860
616239467
1068930962
92440764
768657785
96844716
682249039
769810126
227499562
178592890
243405059
937693272
791656656
736658802
289484916
244553541
141855574
345381994
219861381
608693366
901566831
762921249
127125717
282831955
591014625
1015454694
458515719
302833815
113072914
410966856
963945518
936670292
48408371
218750848
1034067026
5593413
6342545
251151263
973680932
925433626
10352445
159886336
980322391
220161715
551093464
14526521
952214292
280389741
806578236
541582866
682328740
161620572
117575857
527291270
1027578488
372418859
407606345
30821882
999610890
329113062
87568811
363084642
250490855
771361638
361792831
982643620
885335797
817238931
240877231
278717582
1009143075
867790497
149258695
4331945
148464268
429233259
396088205
637199502
22273626
578236591
1045709085
201841519
359502120
884597321
783340815
373435152
563858254
863944395
860803053
519422087
379641247
297320802
380605322
628616128
231481846
989598284
678555003
594733516
26893585
1673190
510178315
973193806
695241906
1010735986
956384516
988049028
537194973
562702802
246086081
746584061
148664747
233960674
545553992
561201000
96165956
313278376
840685518
918012347
118676812
675220256
678075620
125514599
650002746
982314090
53308076
200035434
396247476
1039437058
759066100
323631825
885465785
292223497
846462969
830249939
372495092
814933915
764439033
610382230
543999916
89040514
260604176
85930052
734104614
773373145
253109499
16289540
1047794808
1043621303
331248979
408812728
178846248
373238966
965290282
262189370
983069377
1045097378
943210533
51216724
166697453
87393034
787382965
462812374
743198548
11417129
108393717
149727519
744945365
477026921
485636112
676754338
266847272
390518624
163650219
954343136
945289643
832977133
863279024
150481950
114538545
55560681
1000738966
177055265
1039302960
647051476
519342540
15208422
534617617
483932665
128157488
132291508
508464044
438846126
972247468
444070504
136002371
844834600
41178532
69819222
1054617836
285947762
394602461
1002149770
512709082
872554897
872285658
314854311
873749213
612772743
301907052
899960640
766748107
493285982
644116071
133538011
730690165
517516808
135819531
753811724
1004927037
673068189
223305040
1069291159
26191014
544057617
139791239
1027312760
397604897
976348410
368021704
808765999
251609956
388625438
810707170
875811169
578664308
664016229
617438549
927943475
16723788
989755034
883035348
46591063
861149571
697661742
915134258
610814725
77103760
51547052
660976001
112106491
815684770
1013741499
899888792
582930606
286986349
126982383
660051976
841656921
204224840
583442798
581520445
969740977
796956463
422536722
497221116
33170913
996453761
160701999
951033827
136108227
723189699
941187551
898350066
121133019
479553098
629223046
636230403
8625481
814963977
556359685
436561980
758446091
920340920
247177104
92863417
1002042605
912343029
517955748
933929974
137755989
631890794
720020959
168504952
880573209
428041802
98991149
467587948
822240102
443745702
819054709
884493282
529245593
503722609
105584567
225504400
744819198
419809935
511592655
196420338
347519984
412700377
792871111
200309618
163790090
545820549
613155204
375406057
225540283
44953089
149706290
244255874
294724205
351299863
791052451
151747434
596921555
155193775
358299365
706796949
789523782
950789570
1049319618
497437990
886382299
535761155
302605181
206981961
192443620
77828480
362380742
673890281
815370557
305572905
468827302
227648427
19019119
426817216
594178592
263721855
677295671
707188171
643346768
760187163
312196759
753157274
882995763
255893280
110858157
356321616
738458614
733394841
746978309
1047741145
163228396
179624860
302709100
1015682957
632599318
32229715
685185830
966861263
915038818
651110005
283353939
561866267
175220718
123934028
486222828
571686685
893578799
22545463
720076709
963160020
439284876
1051778216
681127200
302182907
158391206
34061121
957004773
903194989
922227994
389388585
812883420
494130027
616667550
915113499
969473697
817623623
293929942
562534929
923065752
84427409
731570532
87675631
649631710
74168343
1067062923
364744064
1049333710
72599609
289045310
604172962
40845981
742830426
390628107
453977731
383084776
8543336
912194505
534503278
632127237
763464252
974698872
205815275
842605730
824660045
689908071
830418286
574947181
787093566
333045628
499704842
561433305
209354216
733219467
151509083
45127421
865994440
791271921
657337665
734348550
891567619
580264199
9057430
527327912
932464566
395117058
1010184377
199855480
290921447
75234499
322576360
431732152
648828679
228754328
651111222
252501420
468029515
405895260
510516978
425290495
397871454
798276771
648638722
942442243
505808173
1027630228
559018569
770468646
997295652
778091604
889658680
640802906
202772046
337443455
741600229
250757494
213447696
950835309
503716102
776045768
1061227613
774720311
42645220
333096242
541341147
31182292
476138103
314189195
1023263044
741989508
283001269
180769354
843557760
689226887
574811062
700847947
574453894
836231221
958428040
521022065
164926019
327369905
1063191747
488775494
499460116
977910998
374690280
251467375
453036478
245626848
551998929
39583694
919989345
487443905
635266905
173874834
360390075
311521435
889036543
230464642
690615556
571999963
901970906
540441800
993885021
807832519
750075064
236531340
311440167
692035937
733785907
1019013286
1047176004
339164470
500317779
785397233
627889261
706067643
204765657
1022805281
692788422
13801305
1033901788
423798190
665272662
495110297
647028270
134372950
293632146
578343400
904454721
304993398
264586352
721291010
1017413860
887000034
619200791
1004089312
501183563
716405680
576552849
138825426
800072577
22011233
848738179
173187645
135684444
201638599
614258894
327857621
161393244
145409705
181628420
920432304
588586118
108478600
385037604
246548211
378613368
158699977
756943548
344731812
804876459
714452993
980848036
479609437
496863956
694176114
273062178
422892928
198624949
185414878
55278368
196859334
486952135
386431876
29398507
362542470
962816872
870348550
549286243
16341419
937072222
306650566
56560015
531680988
881107173
690092439
862150630
435375057
828218527
860759481
844409758
421936764
382923403
820504587
363116223
219721866
423203064
934076378
430047693
841893330
320806051
2052101
502907183
479123832
831810243
170703572
830428944
80736159
18025162
922538317
114183753
201728028
632912371
677222928
645783981
326659377
110634784
124810544
783415444
607542504
684934854
679586714
475656464
961662829
947417627
891062202
358571124
743159974
836068464
959784150
1017089322
791761022
67597678
1064596309
297854334
846724136
149956371
399284796
630494981
974097974
23804685
375760677
161251148
707894728
383389290
605774045
27970230
866041738
178917482
960707559
306727346
595813090
802614114
689632873
46587167
438618070
230842106
321617966
318995220
889439454
497452200
860555818
840366440
587622246
748608648
605423852
373740398
599179603
462353859
175466596
860681435
1040886972
273870921
180572264
333126521
980056657
691358901
483941184
1047125364
179574360
413869318
942864673
292307663
656563926
437170375
764977535
327160945
860398773
448354124
844843021
6791308
845124351
477129780
781693966
37029997
920974794
91448262
395231063
841558704
879069967
1003085169
1030339370
790114761
1006810323
489919767
434595221
829376330
750144973
208290576
834461714
1062994252
72561884
781014965
208387306
7422128
1026041266
678473793
609413105
493934624
295039861
438737337
305130448
216309420
551498488
544203079
713098120
140289705
312891428
909687480
975502976
958045210
940320941
202968146
374791466
118601751
956077255
1060891662
26948218
17821383
504875399
619411996
415948217
319021244
127143147
37835178
153359779
962707173
849833708
568630069
996865787
362520496
805246819
159514032
703205581
785086090
720446233
662184780
473432530
964303078
256990920
336059471
388253343
682956310
886541363
618681911
7811177
367170542
984934705
224479619
830523858
207919770
496623139
22160436
80161007
117699136
339622445
52499499
136908647
875778382
850820643
288810786
695238457
381212796
913136634
563707807
387635312
559373381
719703070
94892121
574851340
768699624
170694730
770710274
62010998
354373170
888895053
39863185
228666151
156164745
749189590
430461085
569548798
198384808
505394316
498696411
1055568782
663940825
667346103
743633608
302425580
302228630
393574439
156013733
714391416
52880347
519582237
845404490
1041231584
831130659
188675897
602100742
478769848
67736573
280250540
729495980
351185194
588332986
930407339
58089815
73281041
19047922
782486700
949604469
696908034
1009041007
519284804
216171109
916956122
1041845024
193898018
503126250
54297470
299579071
883028773
324812942
925147830
992529281
447152421
563516737
750491705
925334733
597167218
307488624
86017700
1063486490
967518470
973107587
893808636
579877846
225620678
276923312
891932143
1015036046
800503715
347101704
983225439
124237981
341079554
714632761
368999134
564603042
233636614
825495521
279465923
554921285
637758966
297383820
938182543
762226851
468509217
637779107
29222140
868625379
763977914
469956964
278135342
297416214
416642697
479251862
397858908
1068613378
1038760586
869826998
993486489
849284141
357893306
316995366
702541754
481368255
339608824
939228819
179367297
187167390
997509121
552040058
266545331
932871319
204399708
731884161
531563406
355204432
735681013
621665495
165979437
384068361
435083368
221045819
660102516
782214031
627460751
606310301
798092380
69335715
1050390351
153211999
479187857
14121681
791100049
451061387
489418585
384800294
713696799
913899997
1015692149
210236008
856138485
400914712
565249676
49689814
101658128
655711459
51059970
601695754
598629183
702644200
741889188
160140371
773394527
403461476
903860778
435019978
1034721830
1000161401
276807048
299224289
427817703
747315075
291044699
115522944
1073222847
1072460016
796234169
966427621
647573964
1000728486
875182533
718056969
949751402
788337526
240511137
476753821
235941464
448911362
642142917
235612955
741754431
983521817
263567910
61189359
649159592
1061585532
765698940
911417392
125868415
436089900
62307465
159547362
408719398
52267399
1023274126
5120096
144839905
732619367
740208998
344327955
238091872
235593704
727675257
458100144
330262739
71049533
291195012
223861750
676518486
492132285
397520091
829023745
845079807
206334751
366915645
1054728095
167074087
273868230
893208424
546755253
281734848
456906443
581787741
264309193
945499660
506278194
805772982
250228334
269696007
655339325
247375836
211677126
91278439
238747509
661689488
782867591
299981167
824226045
781002436
671853275
1058222456
1011589642
843979382
584052034
889294080
576756316
531704258
664859412
99281941
460338830
704051406
169068626
994902201
376562407
294172952
408401561
125352285
192329730
502862313
146684755
932419765
728555485
759439999
66736579
225577962
180014080
122758744
447316538
580381668
90575862
896445120
212408593
934278178
970332309
706601440
420047174
439635763
807536576
621524279
1008669235
743833623
745869250
111511182
554909960
872112032
500313117
90784796
805200239
892961170
839817233
348009526
597276926
89788433
413500706
691993374
641256196
51815479
958657937
569608130
450274520
208294897
744498398
351373697
786154707
58462482
757013626
246490288
111905104
44622829
993819848
640002003
726703672
749446227
709866002
669198950
1017461093
1043877270
169475057
541078066
685388587
966591141
1073342990
596199646
346928852
960219297
965209367
472063397
606266696
730510851
643584139
492228217
207930773
943717726
596045920
786031023
412974950
351182794
1009812074
396789565
899940750
1048255470
492238756
659976309
285570524
152769164
528234302
670476152
400624348
605970124
685510590
983648208
332439256
888346443
878257480
701758132
324188565
357344691
95042781
996611715
539373161
161702637
54595434
965529180
317228595
124625722
205717266
497791016
995326813
955185066
136949037
772268994
346429497
197588979
246909507
826119087
588032994
942826547
904994709
445547853
268582841
591649187
557328093
551144175
1282203
193857575
1043487008
857038656
769087392
361040928
712447642
120894597
195657152
23875054
916124996
839723403
1008038439
200342855
355133753
419648292
227836810
1012914456
167731964
105178764
27905962
351102165
259873294
164014306
397206231
1022518988
815104493
327401883
665048393
292086511
573058833
528313565
610073436
754558935
363711167
114913129
160467581
373148998
593068073
571516557
54347783
285244646
439404591
919168334
277443291
945435047
350703872
1072755591
960326280
188913741
345006644
807569424
667795954
203828597
281928237
51788461
505147017
438455649
334003402
869254021
1015741307
24880738
108459587
252438701
458778588
982570638
960582436
622751229
236988399
90939951
407935905
600558481
955919566
296325390
682584528
211608237
560608521
428628084
688188993
546121172
365345223
700254516
1068221622
721379148
949411985
77581278
857017348
899456873
762716372
948869604
400475842
44149487
711111213
426530693
226982157
55228164
141523602
363350799
342994042
314946398
746358854
913341549
1064246910
69203879
953671153
411612334
701070040
101587199
1044875106
416007504
745430822
58654517
214884146
189706253
944707086
1766691
1064837965
11262195
698908676
214107752
400472067
79211082
426445466
967854686
747230096
447486811
119256230
645363967
38245694
848067119
970644245
570679825
64515145
561353315
1055690674
497470154
373563047
375399840
99081452
580866377
52110245
576625688
513198106
387732464
1007699411
1024707991
491016557
974043705
943833538
640119649
384253083
100946333
186686782
751408230
941662906
144907420
307771105
287218455
1053178692
283256725
238578543
282978740
1052479018
775970803
227618423
860922364
661538479
678210764
559648396
795644175
307892783
332041253
1024516925
803261098
484163775
575137262
952233203
532742157
522593124
241405131
229598645
722195287
1068617094
801106376
788000085
930818510
276253342
1043442624
488311373
896241993
594351544
883708288
837025721
923466932
1041272121
111817800
779819276
702032832
73356539
958751806
60887353
189455043
207378143
204632066
270504432
522851069
474983043
366642179
672805097
36475472
67791228
942655762
665723635
300510544
264540113
956468977
844381628
954883755
373417766
412796238
863240216
180060078
712149869
326204302
464999906
484060285
325398541
906521720
270939720
195265961
347923633
400475368
988360814
945142837
871222853
205390720
638356094
573712431
633183039
238373668
386574753
156759570
577001805
668943982
927746529
876818717
275129909
648739275
713702691
676528354
901863029
48500872
769058602
274545939
844426923
435768319
793400715
68781204
652647770
268758158
354105648
984519436
850934497
255272292
884688866
58396630
219382961
431308261
991291403
157280525
503791070
354186085
136211840
990751701
830415391
102003532
292837598
222446744
919079632
721613518
1017157928
88745727
1033414221
390707133
990622699
1026896077
578886017
754555348
809978558
217844567
262004666
109032176
995397931
515146149
491264964
602538503
450818765
468220860
350166012
1037736450
688777353
565435267
707005866
902444303
35954679
88842949
544534041
267465330
554021178
869594536
965116591
1041715435
274028726
388618185
561243471
1067622793
533333031
584225019
285286054
526157877
649721887
595075560
159016602
151840234
120754901
182485602
1060883303
444312639
46074712
964310269
897628401
75173967
140178349
356164863
316830802
635314665
635114118
202698447
80478136
506005152
1009669921
667099732
240295912
541490817
673965475
1022671810
732665406
606158088
715553462
559790507
360521062
10159727
623884925
946477045
618423875
277258230
887439721
21412328
488950049
569534415
27345052
309708969
196160165
218195628
452022468
220789174
595145426
862152597
1021670262
1013303097
1049788422
583188805
633815777
216188209
182892968
426282546
880979755
585192785
179525584
970731008
761232293
579831500
251872788
247988000
880523295
232039899
766623974
516245036
883771608
834698261
896347645
917588026
951084769
397976002
845547674
497490852
330830350
384474518
971156315
102837902
130869719
931343583
1030008068
666979201
302368615
453266193
783451334
970032454
660193846
610303319
963326157
215388559
283983641
355252557
353846051
650425419
556141149
1036198822
599779259
1011617485
331404403
933908891
1059358774
362249665
88819390
925937118
176923470
629012184
920265979
839038800
436997024
600611443
818495579
446770646
319904049
264290915
22462469
561516666
931305666
113276106
158661485
1028918881
747120537
22939255
391665779
490750924
155267205
739901011
315334355
289730516
176145602
974581952
117123148
142722135
440532658
135134618
511299754
238867715
937123652
74881830
192115795
257618346
151686996
743697060
236393315
716040122
752493669
349732356
424286451
93722317
759090337
800936996
911297699
981652865
14320657
846612874
313816286
908861473
798308501
1072365179
328288709
545510124
987617014
436412039
999365301
152146221
769158522
290314037
693228867
916693033
467445184
995542998
825588295
1006212086
595658308
838994055
178513489
770026668
545292771
45581163
21271021
134191966
1027865545
138639641
23046848
867302108
1009479792
830330499
773571382
443533426
338788885
278896060
1041995074
859787766
769695678
260884756
831803764
168838988
786138496
535263860
274967420
833859645
1043281674
68979401
691042599
703749771
100031139
651233735
709681496
330023170
185902651
221246908
649434530
174610919
147077174
392009491
602245503
254796534
341982049
338592159
1007504681
12118816
704786346
1005764690
359393156
927791007
951704099
761380028
630382695
463984015
187945462
730468301
408332538
