533694519
395697686
542967707
784712737
706938731
655203877
779010365
1062082645
829220423
772513104
611807053
399454642
657306317
1023816150
908778083
566526973
851488453
732060599
81918887
676058597
56181252
917259493
94926673
986738783
635415853
695384321
1058423801
904037644
296164030
104930772
308680460
595807807
812697503
759253717
623668303
649470017
380354585
942470653
558633014
829420853
956233079
958971408
719623187
713119073
602535079
129585741
929901209
253964664
736149715
228582928
783702026
561871319
662732333
201184518
753327293
611072023
14175974
1011647239
901963951
936646849
635577647
858126124
816059318
433015234
932850329
327885014
326890137
800901917
512300298
185299203
338130053
758393213
675652771
741478099
933725525
808509017
1071522102
593780355
560228810
565129109
679190799
874194107
739801878
904260323
43824326
277724521
171558550
921791287
656721581
1062413235
696638071
1036761181
716391023
244357851
738618473
201403249
819945855
626208510
573449855
597918017
622743461
942994163
593037938
564849643
743986151
583161070
918459007
721818719
1001080169
702193591
810950274
772017809
934541471
1022587541
100532311
571404971
216131578
832401828
861543480
119874525
722207831
636852361
949128619
479146839
557094229
569394271
569936239
628174524
128189243
574606395
295625680
349918853
799954033
558429119
605219007
985457311
61649331
634626367
981424949
82866047
251809995
542069164
580463047
11667061
270585227
807515981
829543845
704083762
545843387
853673473
1005441322
798420901
44448392
856115803
628369633
103270877
800621539
857090827
1011690899
949148773
782959439
1040411857
73913414
704681535
29688439
836542649
1024332621
742229093
326681847
419378790
406252818
974014339
568786769
782289070
112457576
902270311
232027580
994665411
954787131
555164327
1003608791
886944307
830106326
690123079
600976817
899437489
739513444
113593256
974088410
960645527
921287797
830105582
303008170
683710567
135579800
1060151507
1021464304
623001409
842990087
910360446
647579104
546973369
826504537
509048168
899635559
1003482266
634762493
291753567
850578803
728567981
758386482
716856593
528195599
125777296
573211943
657352337
737541139
405883064
856839103
505440345
802596887
849859027
544148429
728938997
610188581
407370700
1027407824
516744576
38696261
765315913
734495507
519056295
870655351
731291472
657613037
417364158
712813198
445041799
729592977
667169453
867083099
178210786
469846868
303468155
464804188
1069783241
653149121
423594569
949337561
311936356
4137582
731173369
962378159
1069361019
927587327
318467534
467571510
1039735897
914653111
832888421
277560573
206895752
594296343
842793435
68909334
570461077
61498750
673976749
630360487
931948813
567192209
476352566
559847751
589411553
1053607396
799407627
1004507423
489977477
1029908714
616530869
335426336
694894637
177013118
884214673
645318263
646842919
1044866401
698445029
810403645
791382223
890671889
655409659
1066882885
641700617
247568722
813121843
578917121
816760950
91782053
945605504
1058907341
755313011
784647510
74391413
835867897
900591961
925334614
426274869
1063015959
27771899
770662993
771547373
975307343
985319261
689969257
820866581
933082063
600438143
933088811
296060933
1067498513
784052197
836616062
824419912
1039623727
150854805
427401295
1050550307
930874499
504719723
987161419
1009150693
718491120
1000111841
558524459
618043117
753933238
542425207
936780967
840242374
608215044
728424341
367672753
1044055429
999771856
443436500
656163334
6487850
142031172
702017777
923092661
899361329
875487853
940429348
967893794
765589103
469415171
984199519
1001002133
225362258
646923766
715010301
1060487651
650637283
238246881
749718226
911876752
180612640
285096091
656386429
931233151
850198021
565068877
203884698
608748577
1030966067
1060595659
345044194
1019334031
1040589521
571632091
885455279
161967513
468182488
869846899
670671263
728052341
833567149
259258212
764652919
845456913
469667788
737738591
268027133
739065731
1031310601
967427113
91049309
785496013
954608873
875289229
1048495369
122615164
922202341
174364637
986311247
648453479
646677479
171187572
165043760
1018855967
431588730
551833327
293225788
549427103
979552243
991956697
881456369
848858473
677275231
756933917
811061729
102875973
874549903
704607322
683116716
761768281
1033710533
556827059
194850307
863685107
267102361
250214995
948790501
412016636
746520107
275252451
245402814
743681966
696994187
621126832
871683443
684787399
993222457
1022881141
203516567
589119367
41282564
736718145
239601126
1011383573
272514415
56556742
1019803111
98870242
711446231
797836839
745706763
211163385
664867350
318343622
974828633
768783403
504174968
142978835
619166797
607389449
744059270
942844520
718275281
624386646
948648713
537112790
1023512377
510722923
831721621
74027823
830072153
866228371
774627977
663783629
370423515
629029601
533245060
707248099
816411649
452399864
565216189
159845657
633940141
328568146
414655939
1041866801
810530737
479914372
702350039
340744749
602874334
601800326
902217486
713431681
1011321863
670604041
666315491
991235281
586732613
1000443967
198454362
580436267
913482569
392841908
821473000
760475491
672759909
22966390
381908487
1033323043
649338707
674007227
618868407
844639069
605586503
375553511
362839648
364224547
625815135
372302656
511090632
162871778
769948363
1020329930
689652149
970872875
714914948
134913900
236818323
71847454
724468668
961622003
503036421
546017098
377343219
1001398756
683939158
628959525
542840873
911452660
748606409
929361031
793233449
380046378
745105219
996610343
450596478
834130958
287730444
538434455
226638930
325987199
538175251
1042386619
604024684
783196787
858612793
552604259
874195307
1064344429
973012819
699817761
961401871
796410113
94635308
603686928
890577889
164369781
590226683
747435649
781741785
417548508
916815521
176296393
799961431
879788161
653571689
920016233
840351217
726850987
864354461
828944401
447825926
893170576
959623484
806704837
648545983
1001511047
343124559
632790083
624858329
641116635
1070034673
222277318
59334437
516263573
805950876
858922709
383355491
937260437
292883963
826956527
845832217
908393459
1053110963
644566313
655226830
544917479
638189791
591135186
207940118
1003266007
220280932
1019412610
748290041
557873629
809956837
752470351
602569492
423761236
1003421633
626788003
691009337
196712270
693776143
625315038
596819413
38229674
666628607
415970715
821136600
645255831
931686331
813628457
717921557
548302169
747139901
375796352
181668325
588213649
1028196649
910668439
710969731
635685979
554757961
359547104
111604433
936136867
705422741
53057085
754552153
1002977191
411336720
601999499
209888656
77574212
866536313
604201327
610414626
812383791
622458401
683509654
636834193
30758996
96494052
938731441
846645029
273694251
638921138
577822001
1034653853
1054677343
226134824
262617772
822082067
617053237
991252027
590248777
678422739
610304452
550982021
892467739
707610888
253753654
980744444
597174871
853426897
92826954
895985449
821095422
138004786
808615529
695794387
970894574
634737569
863995539
1050614650
955407547
550489799
911384147
634777411
649383854
82069235
627969290
590944849
253799585
562272909
821597519
1052432273
605822729
371655246
994595291
820718636
950055456
708140341
858225531
233439124
755241967
1027611443
349320328
655755512
170802390
1028743717
783223169
723290586
211479730
748623121
613528996
705731023
925649503
971078789
331772685
959786572
21698581
678755393
875862881
660686926
776308994
1006890589
1068339359
866640737
115067765
982188125
213042605
1049821840
790215344
206095527
275333944
640861079
369642416
112907580
1030731041
800720074
1032322843
839608531
875363287
549052627
1002273169
462773808
832383743
595210631
691992074
837161099
673938641
181987818
946177003
824995909
1052445211
608124142
590076544
750523159
1007573771
707646723
643301071
664374017
838664070
571721239
114295128
329653044
636731159
821084009
172357280
766698917
726216311
602484083
979219879
934936627
610721572
993486523
955052171
587842978
348609218
799407659
673199772
976653263
139233836
473528560
540719547
754883681
758517673
944987975
582021842
253864145
677467577
839588479
761181539
543271811
137413066
972824621
306495418
495569229
553199081
664557180
639109119
668504513
856596599
1053160981
712660439
1012575451
434042085
953434182
691615212
637008480
1017294431
954562725
554739312
783818775
680634673
1003723937
689045219
892759459
920459081
806876142
729482711
841672591
54759620
875055375
1049758281
56850650
711222292
849433241
100268765
1016431129
741195713
612078011
987848345
1041084356
1063688221
700017933
280829220
179512696
558248351
414385175
178626819
617026499
630520039
829407013
755570917
1059326363
483403554
1039908696
860156847
657985879
969412102
538494255
647253184
304436230
1012990787
993130847
921311237
861087275
761292040
552491227
709372983
1034889348
134299114
1071564474
863875027
208149324
716844157
424137432
599248931
676244828
634864829
853303571
794503344
669504369
775718061
399698718
844995635
989836409
650345413
1009195230
489225888
281852025
1026479473
744611564
755939851
979173473
551042061
656028173
819209731
1056525251
702681157
950634869
358558915
95079580
681701755
850653887
656469743
247965987
404913131
142104824
929154517
950773303
715545253
452420361
976023030
908794573
654586596
708018947
1040700149
648806021
788351939
823749133
773338751
837492043
899733221
588437831
591757371
1002511903
988404481
699786781
674267249
139223210
442010106
964191693
971793211
826469911
979804911
559310787
391854012
643567003
979642199
277009152
1009948417
945074628
479791138
434141547
856208289
123250834
819247987
1071520501
638624881
829213937
710431963
276453637
456862559
539946330
512696499
560830939
935254759
2380670
724001151
638204683
28760137
611964169
153659883
534395113
400179794
552503976
567201718
916028500
62138766
890527513
651419401
648805314
541915699
663952829
1067871407
242392220
911067530
319557730
725331559
891046549
698084777
566303393
370135221
620758837
1070978651
701723003
799905287
200227140
