1040373493
569151001
999743131
1040263093
890959403
542473777
920910889
928439087
935051063
1069043543
813828731
573157301
1037991881
567034033
644124251
577612951
633319597
904040381
899287379
710506073
751848187
1007605523
751445677
661878727
733260347
854069473
702041573
596754511
681809423
727289989
1055641927
727948469
943219373
712404811
594612983
575863403
788679449
999078911
1065836923
834047107
925379809
557208137
797918501
539948819
808306003
908394691
606206803
611849347
612355061
961797401
1027233617
994866659
638926781
910147939
935323531
933478699
583253563
813076939
812667137
656234389
879331073
545165189
942451759
983766053
974093347
782209123
894203899
1013064887
948891403
768677911
857104579
733327613
812158063
618104491
1026824017
681692131
554351383
600784721
592462021
823417997
908093623
660690271
986963839
813422989
998924051
903155017
613835797
880648291
1017105367
909879863
715839577
917226469
725186977
544330231
691463887
543099379
936804503
746860381
590917351
682551677
1046772421
785765777
621379403
1066982041
551304799
754654591
720331331
552561209
895580857
608469607
649692097
1047427253
859554193
579954733
839893459
852819949
608202109
614229613
713116673
889488167
1001867351
608138659
596296949
683972533
928499963
952050061
869530769
806300813
612404423
909918833
712673459
646771831
717254119
1053345299
551850527
633854297
1053673799
882535271
782069591
1047762389
911960509
660064553
731114159
1030130573
1048801511
1000976869
658688843
692648911
987145301
591860671
1025113189
625610539
611889637
818315441
797587949
775574713
1030632509
798378593
858426161
681100283
1019199353
1052522189
930892181
966832129
793042667
707722349
610325711
967461127
944452877
789292421
1056267881
896161081
547223333
634590391
1003340563
655749931
973127399
732755249
560930971
615201071
992153273
613443829
916268443
591355273
801557699
949123697
874641707
606270991
692712871
694331623
703763633
966552199
977651153
822488801
808255457
947858269
759147047
556908193
985221037
1010113603
602152867
593149981
746937409
562992253
819977597
888810061
937134899
689310383
843405523
605264501
612339857
810407287
594829757
817066703
932640953
1034843599
978314783
553369657
756595339
725942263
1009458551
1068155321
800332721
841281013
784823257
694813271
917770793
876510731
930040003
804690871
897720767
918607759
851767453
999111163
924002059
861924389
1022757469
618448367
1043390429
955478053
816754859
931643081
580897949
1071491881
600623827
715004767
998317519
952261117
640826783
800144243
772085123
715339133
1032827923
705562183
983661043
683319073
717125203
558265531
1065930113
748178861
924000691
778127591
658713089
1022402467
703102487
777690259
682462883
985795357
695814571
922058051
577733659
980382829
785002063
977078299
841379723
667311349
977049089
742543283
541455023
629040229
704146637
1042754057
827584999
1010909791
882311867
991455253
743367553
671899321
1068720661
826106837
930394567
945101611
777291149
1056317543
747710737
1056562691
861777353
1041536299
750766199
786324901
571929647
876721661
579636371
725088031
1025657249
777018941
956728547
745678777
772149139
734707613
973303027
611393663
1039122281
602835817
988391741
605268739
597393131
828433889
791899007
967432091
796320611
721999307
540583139
882415351
854263961
895280657
901544909
826748987
572965301
1014817021
542626241
847130441
765203489
724871003
933746059
650249659
578169967
813850831
545338813
915765407
702947429
991848769
866934631
557805047
846994649
832032217
739222469
696113357
890029579
645533803
752999591
881817961
1028358293
590751233
597285677
847586821
547852603
1017109543
783541049
967056107
848506973
841784179
935454433
595559221
628521371
944641123
893696561
1040633317
805595639
915283073
1046093641
944785741
732370189
633506371
862240091
728363303
718912223
921831529
914508629
992288761
806123777
623313833
615986443
852164597
833372621
1041897361
1016507273
1052750939
868125059
777489491
941749843
554083001
973768291
927787583
601678417
1049065009
919515833
588167233
648888953
1023395273
890185633
926205229
613122331
916642201
595391059
826565219
580463057
909423553
1067311019
629846377
785783191
802309217
565203559
872740763
864294131
745764343
1028817481
872356393
833357579
804995449
1037943259
623565379
1014069169
1019421707
1033287989
615833411
1008806917
979234183
944961527
814015667
768335063
593891729
807317867
996029999
794538331
1032928943
1056836579
666342041
735489407
788793563
985667483
672202087
866552429
564217109
584418761
1023186337
704562457
1006955519
568771999
924116143
682611617
840175673
799415921
919468741
541988723
963230249
624247097
914050427
1035608177
829150801
934918177
696499151
704015153
936868613
1025480539
599397061
848840053
907010389
935343839
819458273
599627929
566355961
935811077
611158129
764407519
791673011
1052825447
937100167
907637537
835293763
851972519
963437093
671536189
542145407
711808523
949758851
581642917
915317203
807917219
959619623
838696799
856318651
795827303
648799381
984302203
772713817
768775627
990151663
707570359
823153069
922951853
707199709
571577533
988975699
553412953
659418173
796199291
768963337
716253953
804181709
1009677863
1066923619
899371643
815389103
652247573
975007351
647610451
985320257
813480599
733541833
640554881
749605999
863719091
605581637
593027291
887163539
757176289
904212377
597636283
812440813
792283501
716121559
589437743
1055765023
777791549
993061057
666717659
940106227
739593623
934331663
831575993
958378987
891479773
584455159
725047171
997352513
557888423
872579453
904427291
861213641
881911829
627028837
1013274797
842744797
730916033
738299087
556040609
680517919
662402801
881098919
802377899
632334707
930287377
827482379
606950651
682626037
911994731
968927951
780153631
544222793
752863289
650757439
859337461
544903157
923695067
707987993
571677317
843107689
700171729
917167157
679119017
541190651
958875521
988483591
683381077
859790207
1018513217
1002978013
796417247
1056584033
918488083
975668189
547146889
614058883
1000668407
608196727
762549323
754488703
713748767
582058637
872766131
629272409
1055682571
1065162643
683367389
677793659
697457447
1008810007
687092999
821328467
566558617
842073313
818288507
601350131
825058601
1024100933
816706073
987787511
874810709
932619257
707408183
623914289
934235917
619851559
750891769
619746019
931133519
995852069
914296811
815914081
837154151
1055772931
1007793613
964516979
663740881
580817161
919537483
1029774329
592672631
620927687
665958101
971513063
757665361
937383277
998805953
613112641
645017171
709670459
777822719
922715569
676491853
874168319
844252049
747100267
628559773
705050369
847095229
631606207
899127461
782535079
751360613
762840989
699648797
1031491579
890368043
543140867
537732577
647510597
581963251
791430719
815884603
540917437
681474841
761041129
655861841
876378847
590943007
893768597
970081907
726995719
661530271
550395623
571426657
1056343723
612822253
691366783
895705159
1058461213
600542993
557788789
1035942307
817898449
862731029
590301389
664577119
960732671
767441287
1033025683
1061346863
752214611
1013593597
588373127
1019626093
984519383
980931199
593524403
636994261
888309599
698346743
1053181889
631617859
680086283
624022753
543357289
940934021
913000219
963458401
660559051
931090021
858175039
853747801
1006092499
1072525667
542029949
540790793
949584203
919730633
607840741
605416117
589431907
612828479
680370941
995701397
827470117
1005144667
634700327
878277013
630603013
560960633
792540383
998281751
726681511
859410689
880859939
884542969
792801209
587238131
558951889
808450043
962856551
630488377
1061852789
766533787
548521601
634541447
922280803
887086219
745789753
662565389
667652563
906968389
906916447
952023847
967995187
537044251
652566529
568218407
587185327
647555213
858409423
808482907
966936431
1043658703
664889453
973126831
837714961
919228099
836156533
866306657
702384847
723620221
715345727
801374411
990875419
877717091
694617223
565875931
891661961
952373363
940232609
1001300143
602115373
942539419
544251913
709989109
809409779
556245953
888117161
857485997
574896709
868939679
656596631
910087547
1008291689
633113843
968139037
557400673
732541499
974423803
970221613
747640987
553787579
1049419363
630596347
768476623
694406857
616480343
977722409
873316373
708250021
734958311
789381877
995202991
538190767
968787437
755318159
869575873
814736201
993804313
743233243
651929743
926707487
984958127
676863893
763293221
643957187
764089549
933810677
760656893
726020929
589100893
993238837
940172473
1010042081
762408487
913441241
882693139
1035092749
981932041
678177221
1019308123
628260877
710104487
814377407
869586163
786635981
589633927
941497919
788952289
624823651
1020538291
702423643
804534473
561243673
756889733
874760153
645072709
985015919
888501193
896952829
634694657
966951989
551596751
846258617
725385547
664808777
684376487
752039573
927011663
545364929
941269163
953341913
765060839
624644357
742054837
993053437
752797121
671094653
667251437
560731921
795397987
772433843
847805293
778216849
1068709949
731099869
626181667
936295571
857733343
860667091
585670301
758026051
699839593
653521721
930999389
537583559
908338439
784353197
925139519
574962547
738732803
945812099
999171587
631192283
792213563
991363519
706194761
548211491
988893887
685773871
732660163
618870709
1057983467
677026811
537897533
757333363
1043310143
675314327
580523609
601376051
697386281
680929409
940173847
1047869717
812063851
1027865051
597338171
749924309
787418059
681972257
710799653
665273849
1001992073
1060447009
1014549257
628155391
648623741
695388007
724190743
681717643
757660217
1046531861
559032343
971804143
952988089
678919567
821825659
719896063
917094877
1035979211
556176433
728754959
1007766607
734830787
970564409
1004227013
987096259
743383339
974898577
727311953
876087491
555754783
775278943
649915571
1047535267
958645109
1021510111
765458959
937472273
1030740281
787589291
572961001
933584569
741538051
1040679407
1021945511
990809539
869109209
560644943
553163243
879747313
990152903
691379347
839163383
545619901
975114013
727733119
1067014561
893047457
890329217
